a	b	entity	tar	cif_off	cif_len	pae_off	pae_len
0	1340	AF-0000000210196506	shard_718_batch_4.tar	78354432	150162	883232768	1450929
2	1167	AF-0000000210196570	shard_802_batch_3.tar	84469248	198138	499405312	2917554
3	1377	AF-0000000210196610	shard_469_batch_0.tar	1536512	46862	222839296	136734
3	1739	AF-0000000210196615	shard_461_batch_1.tar	16395264	38170	138915840	83675
8	1889	AF-0000000210196814	shard_677_batch_0.tar	59393536	129859	907655680	1180440
8	1945	AF-0000000210196818	shard_661_batch_0.tar	119436800	121821	1240786944	1066001
12	1057	AF-0000000210196973	shard_870_batch_3.tar	96637440	307155	2644292608	6531572
16	1372	AF-0000000210197179	shard_658_batch_4.tar	27346944	119140	1221694976	1058146
17	1377	AF-0000000210197259	shard_463_batch_0.tar	22631936	41379	139700736	97087
17	1739	AF-0000000210197266	shard_457_batch_2.tar	6857728	32554	103947264	53912
19	1035	AF-0000000210197334	shard_645_batch_0.tar	23564288	115797	690035712	947137
19	1169	AF-0000000210197335	shard_689_batch_0.tar	57986048	133453	393248256	1363887
19	1437	AF-0000000210197342	shard_685_batch_0.tar	30408704	132363	720177152	1331279
20	1070	AF-0000000210197431	shard_459_batch_1.tar	21805056	38596	135067648	83678
20	1377	AF-0000000210197456	shard_461_batch_1.tar	11023872	40630	126915072	92774
20	1518	AF-0000000210197462	shard_637_batch_0.tar	87468032	113155	1009936896	933503
20	1726	AF-0000000210197475	shard_457_batch_2.tar	22552576	34596	61908992	63181
20	1739	AF-0000000210197476	shard_457_batch_2.tar	21196288	31695	64642048	46680
20	1821	AF-0000000210197479	shard_477_batch_0.tar	41786880	52351	272212480	164588
23	1159	AF-0000000210197658	shard_764_batch_4.tar	77172224	173178	507448320	2201729
24	1378	AF-0000000210197685	shard_635_batch_0.tar	46579200	116017	775856128	916612
25	1378	AF-0000000210197690	shard_642_batch_4.tar	59619328	119058	318282752	956521
32	1377	AF-0000000210197894	shard_465_batch_0.tar	18765824	43207	147671040	114100
32	1739	AF-0000000210197913	shard_459_batch_1.tar	28729856	34596	124255744	61349
34	1849	AF-0000000210198083	shard_521_batch_0.tar	50783232	73719	218038784	331620
35	1527	AF-0000000210198103	shard_475_batch_0.tar	7062528	47531	163369472	153348
37	1187	AF-0000000210198187	shard_746_batch_4.tar	159677952	161259	1776650240	1880513
37	1200	AF-0000000210198188	shard_615_batch_0.tar	70674432	105800	465086976	740292
37	1201	AF-0000000210198189	shard_579_batch_0.tar	73423360	93983	489242112	552485
37	1233	AF-0000000210198191	shard_722_batch_4.tar	80397824	146080	1591463936	1624059
38	1200	AF-0000000210198276	shard_617_batch_0.tar	105448960	106309	262055936	746818
38	1201	AF-0000000210198277	shard_581_batch_0.tar	13537792	94421	600509440	559187
38	1986	AF-0000000210198287	shard_665_batch_0.tar	39994880	122684	710049792	1061809
39	1817	AF-0000000210198323	shard_517_batch_0.tar	64209920	70871	368878592	334439
43	1367	AF-0000000210198375	shard_579_batch_0.tar	89938432	91367	237895680	608163
43	1372	AF-0000000210198376	shard_573_batch_0.tar	31874048	89697	285121536	554454
44	1200	AF-0000000210198431	shard_611_batch_0.tar	104392192	104290	398542848	719721
44	1201	AF-0000000210198432	shard_575_batch_0.tar	27950080	92719	398664192	534301
44	1644	AF-0000000210198438	shard_822_batch_4.tar	124776448	213081	1559717888	3371402
44	1986	AF-0000000210198442	shard_661_batch_0.tar	11790848	120904	307060224	1029323
47	1534	AF-0000000210198633	shard_585_batch_0.tar	91286016	95289	420391424	614319
47	1865	AF-0000000210198657	shard_463_batch_0.tar	24334848	42732	154374144	109684
51	1264	AF-0000000210198759	shard_557_batch_0.tar	70191104	84407	214641152	500392
51	1823	AF-0000000210198766	shard_580_batch_4.tar	18154496	90907	664310784	653735
51	1998	AF-0000000210198767	shard_623_batch_0.tar	62002176	105622	320963072	832482
52	1416	AF-0000000210954604	shard_530_batch_0.tar	56394240	78370	297585664	413024
52	1417	AF-0000000210954605	shard_530_batch_0.tar	52387840	78283	268867584	413297
52	1578	AF-0000000210954615	shard_484_batch_0.tar	6396416	58475	203386880	217699
52	1592	AF-0000000210954617	shard_484_batch_0.tar	1658880	58406	267345920	217231
53	1385	AF-0000000211218351	shard_493_batch_0.tar	54672896	60080	236677120	254338
57	1014	AF-0000000211218467	shard_720_batch_4.tar	68414464	147780	1152334336	1398800
57	1838	AF-0000000211218469	shard_774_batch_4.tar	73169408	174843	1878205952	2254979
58	1809	AF-0000000211218477	shard_601_batch_0.tar	17736192	101370	545329664	706710
64	1154	AF-0000000211218606	shard_692_batch_0.tar	125211136	133520	932843008	1322063
64	1477	AF-0000000211218619	shard_738_batch_0.tar	155957760	157476	2031369216	1695944
64	1813	AF-0000000211218625	shard_848_batch_0.tar	21800960	252542	1972673024	4755902
67	1224	AF-0000000211218729	shard_760_batch_4.tar	79771136	165012	1174867968	2208577
69	1489	AF-0000000211218768	shard_659_batch_0.tar	98361344	115886	1263281152	1009647
70	1305	AF-0000000211218798	shard_756_batch_4.tar	19041792	163688	1649852928	2035768
70	1375	AF-0000000211218801	shard_660_batch_4.tar	116316160	123151	1257668608	1031210
70	1544	AF-0000000211218803	shard_656_batch_4.tar	119041536	122136	327030784	988485
70	1884	AF-0000000211218806	shard_780_batch_4.tar	31201280	183470	374577664	2515628
70	1885	AF-0000000211218807	shard_780_batch_4.tar	84140032	183755	1487533568	2518111
72	1264	AF-0000000211218872	shard_575_batch_0.tar	24223232	89271	262118400	574311
72	1998	AF-0000000211218885	shard_641_batch_0.tar	76394496	110749	600515584	934857
74	1984	AF-0000000211218917	shard_848_batch_4.tar	139812352	245859	700061184	4747603
76	1030	AF-0000000211219010	shard_461_batch_0.tar	10081280	39725	152241152	88808
76	1611	AF-0000000211219015	shard_459_batch_1.tar	5997056	37276	123962368	69650
80	1466	AF-0000000211219103	shard_730_batch_4.tar	129243136	150158	326538752	1657615
82	1375	AF-0000000211219135	shard_515_batch_0.tar	32540160	71963	409966080	309641
83	1044	AF-0000000211219165	shard_756_batch_4.tar	36358656	165467	768847872	2033473
83	1122	AF-0000000211219166	shard_724_batch_4.tar	102533632	150815	962358272	1657371
83	1479	AF-0000000211219171	shard_513_batch_0.tar	41352192	69341	440461312	327423
83	1740	AF-0000000211219174	shard_503_batch_0.tar	26993664	65162	224758784	285306
85	1669	AF-0000000211219213	shard_651_batch_0.tar	2874880	114880	1158221824	1009214
87	1077	AF-0000000211219275	shard_527_batch_0.tar	62911488	75966	386063360	386514
87	1514	AF-0000000211219279	shard_505_batch_0.tar	55078400	66463	156623360	302052
87	1553	AF-0000000211219280	shard_509_batch_0.tar	68766720	67864	404745728	317405
87	1624	AF-0000000211219283	shard_497_batch_0.tar	9489408	62901	122454528	260559
87	1654	AF-0000000211219284	shard_535_batch_0.tar	13679616	79977	208826368	424584
88	1285	AF-0000000211219325	shard_804_batch_4.tar	178759168	203913	2755734016	2970033
88	1505	AF-0000000211219327	shard_852_batch_3.tar	217964544	262075	4511602176	4956453
88	1522	AF-0000000211219328	shard_802_batch_4.tar	132261376	202217	1477597184	2953970
88	1711	AF-0000000211219330	shard_796_batch_4.tar	87269888	197321	2606273024	2776325
90	1364	AF-0000000211219382	shard_810_batch_0.tar	116815872	204737	1630899200	3312067
101	1241	AF-0000000211219629	shard_810_batch_4.tar	112887296	213757	1749662208	2907536
101	1753	AF-0000000211219641	shard_734_batch_4.tar	122022912	156211	1114412032	1620165
101	1950	AF-0000000211219645	shard_722_batch_4.tar	28313088	150405	1702683648	1526622
102	1624	AF-0000000211219697	shard_553_batch_0.tar	73772032	84897	622883328	493083
102	1991	AF-0000000211219703	shard_587_batch_0.tar	57768448	96740	418574336	620326
104	1041	AF-0000000211219760	shard_816_batch_4.tar	149398528	212892	1432557568	3161915
104	1734	AF-0000000211219771	shard_798_batch_4.tar	87099904	195780	792923136	2694431
105	1019	AF-0000000211219811	shard_613_batch_0.tar	97550336	104935	368799744	771933
106	1460	AF-0000000211219839	shard_647_batch_0.tar	87432704	117479	269249024	986397
110	1632	AF-0000000211219892	shard_800_batch_4.tar	161512448	198921	2997458944	2981210
110	1633	AF-0000000211219893	shard_800_batch_4.tar	179155968	199031	1802753536	2975751
110	1815	AF-0000000211219895	shard_802_batch_4.tar	61957120	200001	1056926208	3023386
110	1817	AF-0000000211219896	shard_802_batch_4.tar	26070528	199917	2622062592	3040722
113	1658	AF-0000000211219909	shard_479_batch_0.tar	35666432	53816	108302336	160389
113	1686	AF-0000000211219910	shard_497_batch_0.tar	19150336	63398	161268224	254337
116	1046	AF-0000000211220052	shard_479_batch_0.tar	20804096	55200	233959424	185987
116	1409	AF-0000000211220077	shard_467_batch_0.tar	12436480	45418	153577984	119421
116	1410	AF-0000000211220078	shard_465_batch_0.tar	44020736	44279	120469504	111403
126	1759	AF-0000000211220460	shard_878_batch_2.tar	289303040	461481	6897079808	15026856
128	1141	AF-0000000211220500	shard_844_batch_3.tar	241302528	241573	4626079744	4370567
128	1300	AF-0000000211220508	shard_848_batch_3.tar	158260224	250986	4399064576	4615985
128	1415	AF-0000000211220515	shard_830_batch_4.tar	45629440	226818	3717954560	3770325
130	1106	AF-0000000211220596	shard_800_batch_4.tar	48147968	195078	978065408	2745790
130	1522	AF-0000000211220597	shard_790_batch_4.tar	79886336	186476	2587540480	2516276
130	1711	AF-0000000211220598	shard_784_batch_4.tar	53238272	182018	594954240	2400044
132	1895	AF-0000000211220749	shard_716_batch_4.tar	68829184	135598	1078448640	1437875
136	1820	AF-0000000211220856	shard_667_batch_0.tar	5732352	128068	1047221760	1097109
139	1494	AF-0000000211221059	shard_687_batch_0.tar	57847296	131410	266858496	1253248
139	1593	AF-0000000211221060	shard_589_batch_0.tar	62256128	98874	745080832	677161
140	1147	AF-0000000211221142	shard_830_batch_4.tar	98695680	223544	2199102976	3955645
140	1883	AF-0000000211221210	shard_844_batch_3.tar	159499776	243128	4234512384	4417920
140	1901	AF-0000000211221213	shard_778_batch_4.tar	109873664	177547	1499864064	2421838
141	1393	AF-0000000211221360	shard_641_batch_0.tar	60320256	116105	742439936	865242
141	1563	AF-0000000211221368	shard_503_batch_0.tar	18781184	66948	318553600	280051
141	1584	AF-0000000211221369	shard_533_batch_0.tar	15185408	78813	342559744	427719
141	1594	AF-0000000211221370	shard_535_batch_0.tar	60681728	78983	451113984	430643
141	1865	AF-0000000211221374	shard_487_batch_0.tar	27473920	58135	186577408	208235
141	1988	AF-0000000211221380	shard_503_batch_0.tar	2289152	66944	244863488	282160
143	1901	AF-0000000211221459	shard_517_batch_0.tar	64137728	71630	365175296	346906
148	1187	AF-0000000211221554	shard_744_batch_4.tar	27951616	161069	1902522368	1869516
148	1251	AF-0000000211221559	shard_663_batch_0.tar	79340544	123232	236274688	1064290
148	1925	AF-0000000211221577	shard_583_batch_0.tar	28447744	92954	319687168	635461
148	1960	AF-0000000211221579	shard_804_batch_4.tar	180780032	200547	2912613888	3023179
149	1299	AF-0000000211221617	shard_545_batch_0.tar	61643264	82142	370288640	480067
149	1602	AF-0000000211221618	shard_531_batch_0.tar	931328	76476	375138816	418072
154	1224	AF-0000000211221719	shard_782_batch_4.tar	81541632	177977	2651258880	2564626
155	1200	AF-0000000211221754	shard_607_batch_0.tar	55604736	104481	198121984	720901
155	1201	AF-0000000211221755	shard_571_batch_0.tar	55473152	92871	255482880	534485
155	1925	AF-0000000211221782	shard_577_batch_0.tar	80349184	91646	306540544	617037
164	1838	AF-0000000211222084	shard_842_batch_4.tar	137582592	239701	3141103616	4395054
165	1937	AF-0000000211222114	shard_720_batch_4.tar	127227392	146191	1017007616	1506660
167	1010	AF-0000000211222123	shard_804_batch_4.tar	130672128	198487	2419594752	3094567
168	1323	AF-0000000211222170	shard_734_batch_4.tar	11297792	155594	708213760	1694298
168	1567	AF-0000000211222179	shard_726_batch_4.tar	148677120	149584	362350080	1482448
169	1073	AF-0000000211222253	shard_525_batch_0.tar	51469824	75579	216684544	388867
173	1438	AF-0000000211222444	shard_876_batch_3.tar	323425280	365218	8034697216	10105316
175	1601	AF-0000000211222478	shard_585_batch_0.tar	57238016	96489	336196608	642284
176	1429	AF-0000000211222577	shard_634_batch_4.tar	66350592	109653	620138496	907202
176	1435	AF-0000000211222578	shard_804_batch_4.tar	78714880	199599	1696048640	3099238
178	1730	AF-0000000211222700	shard_834_batch_4.tar	155109888	230801	4053712896	3883047
178	1973	AF-0000000211222705	shard_796_batch_4.tar	115379200	193952	516692992	2795301
183	1205	AF-0000000211222839	shard_824_batch_4.tar	211511296	218343	3324242944	3592694
184	1166	AF-0000000211222899	shard_738_batch_4.tar	24475648	154738	1697217536	1810425
184	1377	AF-0000000211222918	shard_461_batch_1.tar	4957696	39671	141448192	90003
184	1623	AF-0000000211222929	shard_605_batch_0.tar	13751296	101604	212598784	716099
184	1739	AF-0000000211222936	shard_457_batch_2.tar	20578304	30749	65135616	45724
185	1030	AF-0000000211223049	shard_653_batch_0.tar	73081856	120193	1216964096	972902
185	1052	AF-0000000211223050	shard_844_batch_4.tar	206880768	248098	1470307840	4190648
185	1144	AF-0000000211223051	shard_649_batch_0.tar	65589248	119154	885696512	948923
185	1297	AF-0000000211223054	shard_657_batch_0.tar	19261952	121474	592758784	984968
185	1391	AF-0000000211223055	shard_651_batch_0.tar	3234304	119736	603578880	962291
185	1611	AF-0000000211223057	shard_645_batch_0.tar	100183040	118046	1029597184	924162
185	1660	AF-0000000211223058	shard_655_batch_0.tar	118319616	122204	579098112	991280
185	1677	AF-0000000211223059	shard_669_batch_0.tar	83363840	126427	1263317504	1096802
185	1946	AF-0000000211223060	shard_641_batch_0.tar	35948544	117133	412905984	889040
186	1492	AF-0000000211223074	shard_788_batch_4.tar	172406272	186645	1434307072	2599914
187	1449	AF-0000000211223086	shard_780_batch_4.tar	27931136	183143	1686664704	2466755
189	1224	AF-0000000211223105	shard_768_batch_4.tar	48218624	171061	556859392	2334600
189	1545	AF-0000000211223106	shard_768_batch_4.tar	103940608	171091	2294584320	2328217
189	1708	AF-0000000211223107	shard_776_batch_4.tar	90746368	176030	1078914560	2453806
191	1376	AF-0000000211223186	shard_667_batch_0.tar	119265792	121966	1261812224	1021016
192	1407	AF-0000000211223222	shard_615_batch_0.tar	86468608	105030	733451776	795811
192	1516	AF-0000000211223225	shard_495_batch_0.tar	22057984	62700	161387520	246645
192	1554	AF-0000000211223226	shard_519_batch_0.tar	55841280	72423	460789248	357919
192	1798	AF-0000000211223235	shard_696_batch_4.tar	64253952	135270	1115865088	1299040
197	1534	AF-0000000211223399	shard_618_batch_4.tar	45943808	107206	810671104	778248
197	1542	AF-0000000211223400	shard_499_batch_0.tar	24113664	66539	304000512	277129
197	1945	AF-0000000211223435	shard_491_batch_0.tar	50162176	61096	229198336	235983
203	1375	AF-0000000211223593	shard_595_batch_0.tar	20514816	99069	269274112	665672
203	1467	AF-0000000211223596	shard_766_batch_4.tar	4494848	167378	2408246784	2091344
203	1544	AF-0000000211223598	shard_591_batch_0.tar	50527744	97615	535248896	635011
203	1648	AF-0000000211223600	shard_648_batch_4.tar	114982912	116473	1080003584	978772
207	1377	AF-0000000211223786	shard_469_batch_0.tar	21813248	46903	172037120	134172
207	1739	AF-0000000211223792	shard_459_batch_1.tar	24428032	38143	91694080	81030
208	1428	AF-0000000211223931	shard_641_batch_0.tar	81975808	115775	618933760	916906
208	1584	AF-0000000211223948	shard_543_batch_0.tar	28559872	84013	524927488	464523
208	1794	AF-0000000211223967	shard_527_batch_0.tar	53543424	78002	222503936	381818
208	1804	AF-0000000211223970	shard_714_batch_4.tar	94413824	149397	991765504	1524023
209	1057	AF-0000000211224123	shard_876_batch_3.tar	301140480	359623	6610245120	8493615
211	1458	AF-0000000211224198	shard_714_batch_4.tar	9409536	144818	1495491584	1536648
211	1689	AF-0000000211224200	shard_736_batch_4.tar	125656064	155133	1232244224	1766211
212	1570	AF-0000000211224255	shard_605_batch_0.tar	42924544	104886	916565504	742191
216	1786	AF-0000000211224447	shard_565_batch_0.tar	20814848	87681	238451200	485848
218	1154	AF-0000000211224501	shard_685_batch_0.tar	37302784	130338	679785472	1247505
218	1187	AF-0000000211224503	shard_740_batch_4.tar	149361664	158643	1838559232	1813951
218	1470	AF-0000000211224514	shard_808_batch_4.tar	23035392	198737	779776512	3069073
218	1925	AF-0000000211224523	shard_577_batch_0.tar	62152192	90864	757675520	621629
230	1074	AF-0000000211224696	shard_605_batch_0.tar	44474880	102360	235775488	725562
232	1289	AF-0000000211224806	shard_609_batch_0.tar	65807360	102814	476587008	752877
232	1305	AF-0000000211224808	shard_667_batch_0.tar	121903104	119660	607591424	1119089
237	1597	AF-0000000211225044	shard_567_batch_0.tar	74615808	91338	479090688	556739
242	1093	AF-0000000211225115	shard_659_batch_0.tar	101172224	118200	361314816	1029179
245	1245	AF-0000000211225158	shard_828_batch_4.tar	49696256	224592	748958720	3734045
245	1617	AF-0000000211225162	shard_804_batch_4.tar	72860672	200351	2993424384	2949873
246	1689	AF-0000000211225225	shard_724_batch_4.tar	42826752	150082	1706848256	1642031
250	1786	AF-0000000211225383	shard_856_batch_3.tar	121945088	267590	3863870976	4921076
260	1005	AF-0000000211225493	shard_846_batch_3.tar	6956544	252119	2134448128	4622177
262	1339	AF-0000000211225525	shard_758_batch_4.tar	145026048	165629	1483575808	2058531
262	1597	AF-0000000211225527	shard_585_batch_0.tar	24567808	96982	521427456	643019
265	1412	AF-0000000211225578	shard_750_batch_4.tar	71676928	160416	938702336	1982691
266	1497	AF-0000000211225623	shard_816_batch_3.tar	108770816	214608	2652001280	3019359
267	1020	AF-0000000211225658	shard_708_batch_4.tar	44278272	141257	1004575744	1520744
267	1107	AF-0000000211225660	shard_744_batch_4.tar	120686592	158126	1589958656	1867583
267	1566	AF-0000000211225667	shard_772_batch_4.tar	166055424	174206	565583872	2336712
267	1567	AF-0000000211225668	shard_786_batch_4.tar	124201984	183071	371649536	2470741
267	1730	AF-0000000211225672	shard_790_batch_4.tar	137563136	187779	1811648000	2732486
267	1993	AF-0000000211225677	shard_862_batch_3.tar	119673856	274846	2548844032	5877203
273	1568	AF-0000000211225805	shard_800_batch_4.tar	125125632	198291	1743428608	2893795
274	1809	AF-0000000211225871	shard_523_batch_0.tar	44419584	71860	453104640	346024
284	1168	AF-0000000211226169	shard_732_batch_4.tar	118853632	155133	1174910976	1658287
288	1685	AF-0000000211226297	shard_589_batch_0.tar	17835520	96853	828076032	658399
289	1577	AF-0000000211226357	shard_577_batch_0.tar	44750848	93756	684725760	586966
292	1212	AF-0000000211226402	shard_766_batch_4.tar	66690048	173937	1837689344	2192518
292	1404	AF-0000000211226404	shard_766_batch_4.tar	168134144	171683	1027684352	2108315
292	1488	AF-0000000211226405	shard_870_batch_3.tar	16608256	308597	1683311104	6764410
292	1589	AF-0000000211226406	shard_812_batch_3.tar	16023040	206377	1690886144	3097856
292	1632	AF-0000000211226407	shard_766_batch_4.tar	11555840	172047	626116608	2125622
292	1633	AF-0000000211226408	shard_766_batch_4.tar	70818816	171924	1284894720	2126811
292	1815	AF-0000000211226409	shard_766_batch_4.tar	138254848	173336	1472169984	2163106
292	1817	AF-0000000211226410	shard_768_batch_4.tar	21446656	172847	1303739392	2181367
292	1999	AF-0000000211226412	shard_868_batch_3.tar	197826560	295820	4399254016	6651866
293	1216	AF-0000000211226451	shard_564_batch_4.tar	10179584	88159	684684288	556967
293	1772	AF-0000000211226467	shard_816_batch_3.tar	113231872	208360	601309184	3427109
295	1263	AF-0000000211226582	shard_798_batch_4.tar	114088960	195545	2342997504	2834447
295	1547	AF-0000000211226600	shard_860_batch_3.tar	113931264	268488	4911968768	5516725
295	1648	AF-0000000211226605	shard_844_batch_3.tar	131940864	243307	1150109696	4319592
295	1726	AF-0000000211226608	shard_794_batch_4.tar	190890496	191266	1814400000	2721762
296	1027	AF-0000000211226750	shard_824_batch_3.tar	134030848	220053	2953248256	3650995
296	1095	AF-0000000211226752	shard_495_batch_0.tar	47919616	62924	329252352	258543
296	1101	AF-0000000211226753	shard_1103_batch_0.tar	62862848	58822	207663616	231216
296	1372	AF-0000000211226770	shard_477_batch_0.tar	32426496	52667	265081856	174114
296	1428	AF-0000000211226779	shard_603_batch_0.tar	3803648	101264	788546560	730781
296	1796	AF-0000000211226811	shard_495_batch_0.tar	57159680	63701	203962368	260622
296	1842	AF-0000000211226813	shard_515_batch_0.tar	69298688	71540	298501120	333111
299	1727	AF-0000000211227037	shard_748_batch_4.tar	133498880	160641	1240285696	1818913
302	1943	AF-0000000211227087	shard_798_batch_4.tar	190963200	191687	1844760064	2877465
304	1256	AF-0000000211227125	shard_696_batch_4.tar	75477504	132395	1468367360	1322482
305	1194	AF-0000000211227137	shard_718_batch_4.tar	21905408	145409	866373120	1524674
308	1109	AF-0000000211227244	shard_523_batch_0.tar	7671296	77199	468718592	376125
308	1570	AF-0000000211227257	shard_593_batch_0.tar	84269056	101684	614468608	695924
309	1220	AF-0000000211227378	shard_786_batch_4.tar	13854720	188771	557949952	2534024
309	1355	AF-0000000211227381	shard_615_batch_0.tar	105456128	105948	940974080	791958
309	1376	AF-0000000211227384	shard_651_batch_0.tar	63628800	117332	1026225664	980667
309	1393	AF-0000000211227385	shard_720_batch_4.tar	54716928	149304	1301460992	1617363
309	1648	AF-0000000211227397	shard_700_batch_4.tar	8423936	138420	658754560	1415338
309	1707	AF-0000000211227398	shard_652_batch_4.tar	88043008	121545	693578752	1007546
312	1159	AF-0000000211227491	shard_794_batch_4.tar	149052928	193250	3023491072	2820933
313	1375	AF-0000000211227520	shard_710_batch_4.tar	99201536	141663	1238791168	1450291
313	1544	AF-0000000211227521	shard_708_batch_4.tar	120232960	140903	636001280	1401041
315	1469	AF-0000000211227584	shard_529_batch_0.tar	15769088	77255	415815168	392631
315	1515	AF-0000000211227587	shard_591_batch_0.tar	69623296	97905	278198272	702454
315	1860	AF-0000000211227602	shard_579_batch_0.tar	79839232	95548	535778816	626218
319	1093	AF-0000000211227739	shard_732_batch_4.tar	61835776	156499	509516288	1767275
319	1516	AF-0000000211227755	shard_722_batch_4.tar	139352576	151934	1715167744	1650631
321	1273	AF-0000000211227870	shard_533_batch_0.tar	73982464	77385	343799808	401589
321	1349	AF-0000000211227875	shard_529_batch_0.tar	15460352	76253	374749184	367796
323	1167	AF-0000000211228005	shard_848_batch_4.tar	207073792	253813	2185398272	4926951
324	1044	AF-0000000211228042	shard_840_batch_4.tar	20375040	239037	1455829504	4407611
324	1214	AF-0000000211228046	shard_756_batch_4.tar	1163776	163334	433561600	2024230
324	1301	AF-0000000211228051	shard_738_batch_4.tar	24631296	155719	2019744256	1774014
324	1371	AF-0000000211228054	shard_744_batch_4.tar	150069760	155373	1786526720	1835970
324	1486	AF-0000000211228057	shard_828_batch_4.tar	187516928	227786	3993195520	3773383
324	1491	AF-0000000211228058	shard_776_batch_4.tar	13705728	177822	1925616128	2354352
324	1665	AF-0000000211228060	shard_784_batch_4.tar	44713472	180590	2419761152	2519736
324	1721	AF-0000000211228063	shard_742_batch_4.tar	121439744	156427	2106238976	1818934
324	1749	AF-0000000211228066	shard_792_batch_4.tar	158085632	190904	2899214848	2670422
324	1755	AF-0000000211228067	shard_830_batch_4.tar	214156800	224509	1690229760	3885803
324	1805	AF-0000000211228071	shard_780_batch_4.tar	31385600	179319	2363658752	2451953
324	1878	AF-0000000211228072	shard_842_batch_4.tar	226717696	240033	2610152960	4557538
324	1958	AF-0000000211228075	shard_734_batch_4.tar	304128	151767	300124672	1726584
324	1969	AF-0000000211228076	shard_792_batch_4.tar	152160256	187503	2507723264	2623654
325	1044	AF-0000000211228143	shard_838_batch_4.tar	117083648	236704	4135633920	4319662
325	1214	AF-0000000211228147	shard_752_batch_4.tar	57814528	161619	1024774144	2036590
325	1301	AF-0000000211228152	shard_734_batch_4.tar	73342464	153015	312150528	1762688
325	1371	AF-0000000211228155	shard_740_batch_4.tar	58135552	153518	1072331264	1848402
325	1486	AF-0000000211228158	shard_826_batch_3.tar	106248704	225534	1175028736	3746478
325	1491	AF-0000000211228159	shard_772_batch_4.tar	85083136	175493	1363076096	2321620
325	1665	AF-0000000211228161	shard_780_batch_4.tar	123054080	178253	2080886272	2458317
325	1721	AF-0000000211228164	shard_738_batch_4.tar	72277504	153792	2009114112	1807504
325	1749	AF-0000000211228167	shard_788_batch_4.tar	113468928	189027	1985905152	2601669
325	1755	AF-0000000211228168	shard_828_batch_3.tar	100979712	222302	1075518464	3823930
325	1805	AF-0000000211228172	shard_776_batch_4.tar	112121856	176798	1961068032	2395489
325	1878	AF-0000000211228173	shard_842_batch_4.tar	11483136	237681	2961398784	4493232
325	1958	AF-0000000211228176	shard_730_batch_4.tar	33285120	149747	445558272	1699211
325	1969	AF-0000000211228177	shard_788_batch_4.tar	87034368	184946	827154944	2596682
327	1046	AF-0000000211228279	shard_497_batch_0.tar	19658240	63224	213046272	267436
327	1101	AF-0000000211228283	shard_505_batch_0.tar	25826816	66194	187980800	297849
327	1215	AF-0000000211228286	shard_487_batch_0.tar	42241536	58795	266971648	226428
327	1446	AF-0000000211228308	shard_471_batch_0.tar	25370624	49935	187648000	152160
327	1513	AF-0000000211228309	shard_609_batch_0.tar	55965696	102576	619445248	771561
327	1601	AF-0000000211228320	shard_553_batch_0.tar	50093568	84950	200687104	510788
327	1707	AF-0000000211228328	shard_553_batch_0.tar	32209408	86548	412158464	491533
327	1927	AF-0000000211228341	shard_471_batch_0.tar	600064	49635	160635904	152345
328	1470	AF-0000000211228427	shard_850_batch_3.tar	8392704	248854	3861713920	4731533
330	1023	AF-0000000211228454	shard_802_batch_4.tar	20067840	196120	3016048640	2987032
330	1720	AF-0000000211228477	shard_780_batch_4.tar	51830272	182473	1579770880	2421764
336	1264	AF-0000000211228778	shard_545_batch_0.tar	8317952	79125	416889344	425988
336	1823	AF-0000000211228785	shard_567_batch_0.tar	35952128	86193	181540352	582719
336	1998	AF-0000000211228786	shard_611_batch_0.tar	93934592	100741	322822144	744124
339	1943	AF-0000000211228842	shard_754_batch_0.tar	149878784	161150	613359104	1968234
342	1021	AF-0000000211228922	shard_580_batch_4.tar	73505280	95997	288786432	628519
342	1393	AF-0000000211228950	shard_670_batch_4.tar	100987392	127814	1034347008	1100070
342	1409	AF-0000000211228952	shard_509_batch_0.tar	67585024	68132	202728448	305896
342	1600	AF-0000000211228979	shard_553_batch_0.tar	23789568	87139	268856832	487985
345	1416	AF-0000000211229198	shard_639_batch_0.tar	49404416	113933	430732800	969257
345	1417	AF-0000000211229199	shard_639_batch_0.tar	37804032	113572	773653504	974013
345	1694	AF-0000000211229206	shard_615_batch_0.tar	91704320	104133	234905600	802200
345	1951	AF-0000000211229212	shard_589_batch_0.tar	56571392	94399	424010240	687328
346	1613	AF-0000000211229245	shard_619_batch_0.tar	54100480	110462	847338496	794300
348	1393	AF-0000000211229335	shard_656_batch_4.tar	106489856	122308	1160624640	1010150
348	1600	AF-0000000211229364	shard_538_batch_4.tar	2579968	81833	338397184	420928
351	1071	AF-0000000211229604	shard_642_batch_4.tar	100441088	117905	1067604992	929962
351	1874	AF-0000000211229637	shard_746_batch_4.tar	61679104	162574	2171887616	1892984
355	1187	AF-0000000211229785	shard_858_batch_3.tar	228212224	268139	2523270656	5447371
356	1864	AF-0000000211229804	shard_708_batch_4.tar	75918848	141731	1379768832	1483336
359	1325	AF-0000000211229931	shard_852_batch_4.tar	247460352	258760	1478047232	4790633
359	1470	AF-0000000211229932	shard_870_batch_3.tar	128960000	306190	3680858624	6767728
359	1999	AF-0000000211229933	shard_868_batch_4.tar	162229760	297787	2561581568	6542165
360	1562	AF-0000000211229982	shard_710_batch_4.tar	4151296	148551	440761856	1511051
361	1373	AF-0000000211230099	shard_716_batch_4.tar	99441152	147989	1656752640	1520216
361	1874	AF-0000000211230111	shard_774_batch_4.tar	64635904	180406	1235302400	2393192
363	1732	AF-0000000211230208	shard_589_batch_0.tar	49806336	95499	774989312	684886
363	1940	AF-0000000211230210	shard_663_batch_0.tar	32274944	123844	354766336	1098906
364	1022	AF-0000000211230231	shard_870_batch_3.tar	235011584	300829	694410240	7106268
364	1160	AF-0000000211230234	shard_826_batch_4.tar	92108800	219539	2520448512	3630475
364	1707	AF-0000000211230258	shard_810_batch_4.tar	24552960	206796	3128339456	3104167
369	1192	AF-0000000211230378	shard_553_batch_0.tar	75151360	87081	572348416	508775
371	1505	AF-0000000211230512	shard_718_batch_4.tar	9713664	147348	1299621888	1584229
371	1839	AF-0000000211230518	shard_551_batch_0.tar	16313856	85928	551445504	494721
374	1514	AF-0000000211230572	shard_551_batch_0.tar	52174336	85035	594700800	490642
374	1892	AF-0000000211230576	shard_575_batch_0.tar	27672064	92504	741392896	584114
374	1991	AF-0000000211230578	shard_575_batch_0.tar	75198464	93080	496394240	580647
376	1656	AF-0000000211230642	shard_742_batch_4.tar	66397696	158401	1892537856	1752309
379	1355	AF-0000000211230922	shard_493_batch_0.tar	31708672	61846	260826624	240884
379	1705	AF-0000000211230954	shard_471_batch_0.tar	7298048	48925	216916992	148780
379	1796	AF-0000000211230957	shard_491_batch_0.tar	45839360	62336	140732416	242145
382	1186	AF-0000000211231255	shard_629_batch_0.tar	5110272	108834	911574528	879307
382	1294	AF-0000000211231257	shard_720_batch_4.tar	63112192	145674	1045031424	1561057
382	1632	AF-0000000211231265	shard_588_batch_4.tar	87480320	96193	558889472	647505
382	1807	AF-0000000211231268	shard_740_batch_4.tar	137369088	152229	1746571776	1759134
386	1512	AF-0000000211231489	shard_475_batch_0.tar	16137728	52997	219914752	166012
387	1215	AF-0000000211231587	shard_461_batch_1.tar	26770944	40262	150834176	94079
387	1453	AF-0000000211231611	shard_473_batch_0.tar	31690240	50879	178080256	152922
387	1584	AF-0000000211231620	shard_485_batch_0.tar	28913664	57737	116430336	216457
387	1804	AF-0000000211231636	shard_657_batch_0.tar	69071360	123663	864659456	1042179
389	1492	AF-0000000211231736	shard_812_batch_4.tar	50876928	209449	1792402944	3261463
391	1559	AF-0000000211231780	shard_830_batch_3.tar	95052800	229207	2953085952	3688767
393	1460	AF-0000000211231970	shard_746_batch_4.tar	49649664	161184	741064192	1827314
393	1496	AF-0000000211231974	shard_820_batch_4.tar	155258368	216353	541274112	3284224
393	1612	AF-0000000211232004	shard_866_batch_3.tar	180171776	298850	5032841216	6365837
393	1641	AF-0000000211232009	shard_782_batch_4.tar	44815872	183941	861509632	2338075
393	1670	AF-0000000211232011	shard_868_batch_3.tar	169381888	301339	1379718144	6838058
393	1855	AF-0000000211232037	shard_872_batch_3.tar	231520768	325742	6510571008	7602342
393	1936	AF-0000000211232054	shard_738_batch_4.tar	142788096	157496	1796247040	1772871
394	1122	AF-0000000211232296	shard_768_batch_4.tar	147640832	175438	1067056640	2271721
394	1281	AF-0000000211232299	shard_804_batch_4.tar	13341184	198142	1626773504	3063556
394	1479	AF-0000000211232301	shard_579_batch_0.tar	32544768	93950	598099968	639690
394	1740	AF-0000000211232304	shard_569_batch_0.tar	33240576	90053	618059776	576573
396	1617	AF-0000000211232352	shard_655_batch_0.tar	39885312	119027	817263104	1031274
396	1816	AF-0000000211232359	shard_675_batch_0.tar	90005504	127208	269810688	1175697
399	1800	AF-0000000211232472	shard_517_batch_0.tar	8976896	72851	363105280	347003
406	1303	AF-0000000211232701	shard_515_batch_0.tar	7929344	70527	448955904	331148
406	1409	AF-0000000211232714	shard_475_batch_0.tar	40235520	50752	146693632	167460
406	1410	AF-0000000211232715	shard_473_batch_0.tar	20861952	49724	158146560	156869
406	1525	AF-0000000211232721	shard_473_batch_0.tar	39077888	50614	238560256	162161
406	1578	AF-0000000211232726	shard_479_batch_0.tar	34620416	55057	218271232	190876
406	1592	AF-0000000211232728	shard_479_batch_0.tar	51195392	54965	222078976	190516
407	1372	AF-0000000211232905	shard_465_batch_0.tar	6182912	43191	119529472	116674
407	1446	AF-0000000211232916	shard_457_batch_2.tar	16229888	33240	72231936	57783
407	1543	AF-0000000211232925	shard_463_batch_0.tar	6365184	41929	91819008	108508
407	1628	AF-0000000211232938	shard_481_batch_0.tar	4000768	53837	132273152	187787
407	1707	AF-0000000211232944	shard_509_batch_0.tar	37957120	69647	390548480	304316
408	1452	AF-0000000211233139	shard_730_batch_4.tar	86344192	155249	1416775168	1768568
408	1534	AF-0000000211233145	shard_634_batch_4.tar	33062912	112208	330363392	853469
409	1165	AF-0000000211233284	shard_463_batch_0.tar	9467392	43680	115799040	109185
409	1806	AF-0000000211233306	shard_475_batch_0.tar	34217472	50883	133415936	171543
409	1945	AF-0000000211233312	shard_469_batch_0.tar	14594560	47773	137428992	142339
411	1756	AF-0000000211233385	shard_559_batch_0.tar	86964224	85606	532977664	454216
413	1420	AF-0000000211233403	shard_531_batch_0.tar	51762176	76334	452812288	394963
414	1273	AF-0000000211233428	shard_545_batch_0.tar	67987968	81859	211235840	453457
414	1874	AF-0000000211233448	shard_662_batch_4.tar	81293824	123234	534238720	1085035
414	1951	AF-0000000211233452	shard_547_batch_0.tar	39250944	81610	440443904	455068
417	1683	AF-0000000211233568	shard_643_batch_0.tar	8924672	114607	524566016	978878
419	1366	AF-0000000211233635	shard_646_batch_4.tar	21342208	118501	1156666880	965205
419	1874	AF-0000000211233651	shard_629_batch_0.tar	43592192	111985	306237440	887734
422	1944	AF-0000000211233735	shard_661_batch_0.tar	1975296	120867	692423680	1065611
423	1212	AF-0000000211233736	shard_553_batch_0.tar	77557248	84961	395007488	502268
425	1139	AF-0000000211233775	shard_561_batch_0.tar	26381312	88169	564095488	545477
425	1263	AF-0000000211233779	shard_481_batch_0.tar	54188544	54258	267036672	186454
426	1234	AF-0000000211233921	shard_541_batch_0.tar	12193280	81742	178112512	447170
430	1967	AF-0000000211233988	shard_878_batch_2.tar	353457664	387062	8437050368	10918208
432	1169	AF-0000000211234048	shard_826_batch_4.tar	175740928	219422	487626240	3658721
432	1460	AF-0000000211234056	shard_810_batch_4.tar	205044224	203042	591684096	3168535
432	1607	AF-0000000211234061	shard_800_batch_4.tar	62674432	194302	1006071296	2913882
432	1631	AF-0000000211234062	shard_806_batch_4.tar	30028288	199902	1877177344	3034751
434	1038	AF-0000000211234109	shard_850_batch_4.tar	139833344	253631	2324446208	4917191
438	1149	AF-0000000211234200	shard_652_batch_4.tar	9964032	118072	238193664	996103
438	1367	AF-0000000211234205	shard_489_batch_0.tar	8882176	58202	173614592	228592
440	1498	AF-0000000211234278	shard_804_batch_4.tar	93874176	199957	610749952	2967221
440	1809	AF-0000000211234285	shard_726_batch_4.tar	39877120	152047	1831836672	1705805
442	1690	AF-0000000211234403	shard_699_batch_0.tar	108649472	137426	514002944	1326921
444	1191	AF-0000000211234460	shard_868_batch_4.tar	102413312	304538	746480640	6665766
444	1356	AF-0000000211234467	shard_824_batch_4.tar	135742976	222173	1973411328	3550482
444	1615	AF-0000000211234480	shard_848_batch_4.tar	24855040	252504	2530850304	4806325
454	1987	AF-0000000211234599	shard_730_batch_4.tar	21846528	151071	439012352	1622142
457	1049	AF-0000000211234642	shard_519_batch_0.tar	41101824	73660	146959360	346486
462	1553	AF-0000000211234800	shard_579_batch_0.tar	20557312	93091	367730688	626212
462	1624	AF-0000000211234803	shard_563_batch_0.tar	5893632	88558	481826816	558528
462	1928	AF-0000000211234807	shard_738_batch_4.tar	79003648	155201	1361484800	1792836
463	1856	AF-0000000211234874	shard_810_batch_4.tar	175561216	205327	838259200	3114973
464	1861	AF-0000000211234970	shard_794_batch_4.tar	99512320	189980	914444288	2761052
465	1864	AF-0000000211234996	shard_706_batch_4.tar	12717056	140605	675397120	1473194
466	1864	AF-0000000211235001	shard_706_batch_4.tar	118774784	140675	816751616	1462549
467	1864	AF-0000000211235006	shard_706_batch_4.tar	129357312	140656	685419520	1473176
468	1864	AF-0000000211235011	shard_563_batch_0.tar	37690368	87347	333061120	536605
469	1864	AF-0000000211235016	shard_706_batch_4.tar	10863104	140978	977931264	1466783
470	1864	AF-0000000211235021	shard_706_batch_4.tar	127232512	140819	1006332928	1461577
471	1864	AF-0000000211235026	shard_706_batch_4.tar	127091200	140587	1265272320	1494788
472	1864	AF-0000000211235031	shard_708_batch_4.tar	102715904	140811	769913344	1477422
473	1864	AF-0000000211235036	shard_706_batch_4.tar	9730048	140526	708333056	1457365
474	1864	AF-0000000211235041	shard_681_batch_0.tar	9671168	129692	1123751424	1257146
478	1752	AF-0000000211235089	shard_772_batch_4.tar	30548480	176815	2511992832	2273617
484	1107	AF-0000000211235293	shard_688_batch_4.tar	92092928	135027	263219200	1256868
484	1121	AF-0000000211235294	shard_742_batch_4.tar	14910976	158453	988952064	1859276
487	1095	AF-0000000211235442	shard_485_batch_0.tar	6443008	58187	245467136	214983
487	1273	AF-0000000211235449	shard_467_batch_0.tar	2242560	46321	202960384	128598
487	1842	AF-0000000211235494	shard_503_batch_0.tar	45836288	66703	379253248	289554
487	1951	AF-0000000211235507	shard_469_batch_0.tar	20165632	46035	192735232	133222
493	1205	AF-0000000211235686	shard_629_batch_0.tar	10121728	105613	993243136	875187
493	1644	AF-0000000211235697	shard_838_batch_3.tar	106516992	231501	1063756288	3973005
494	1477	AF-0000000211235743	shard_734_batch_4.tar	3098624	155246	1523099648	1632144
494	1567	AF-0000000211235746	shard_682_batch_4.tar	35694080	128390	1295516672	1128160
498	1261	AF-0000000211235807	shard_693_batch_0.tar	106762240	134088	1315963904	1284430
498	1543	AF-0000000211235819	shard_629_batch_0.tar	70008320	112138	655397376	804327
498	1694	AF-0000000211235827	shard_655_batch_0.tar	78535168	120458	572105728	971341
498	1707	AF-0000000211235828	shard_696_batch_4.tar	107301376	139206	655387648	1281704
500	1858	AF-0000000211236042	shard_792_batch_4.tar	145445888	193701	2761387008	2814289
504	1739	AF-0000000211236285	shard_461_batch_0.tar	7202816	39836	85587968	96103
505	1933	AF-0000000211236305	shard_858_batch_3.tar	225791488	266319	5633261056	5133538
509	1119	AF-0000000211236475	shard_562_batch_4.tar	17908224	86421	675289088	522691
511	1016	AF-0000000211236517	shard_483_batch_0.tar	18295296	54165	124810240	190897
511	1144	AF-0000000211236520	shard_463_batch_0.tar	11463680	41531	178484224	90830
511	1660	AF-0000000211236524	shard_465_batch_0.tar	14123520	44705	160325120	105823
513	1744	AF-0000000211236554	shard_874_batch_3.tar	102780416	328793	3584926720	8372526
516	1044	AF-0000000211236758	shard_836_batch_4.tar	55158784	233268	1769163264	4220591
516	1048	AF-0000000211236759	shard_810_batch_4.tar	141954560	206987	1230640640	3032685
516	1054	AF-0000000211236760	shard_690_batch_4.tar	43068416	133233	1484126208	1330700
516	1214	AF-0000000211236764	shard_746_batch_4.tar	43713536	158013	536040960	1916434
516	1301	AF-0000000211236768	shard_728_batch_4.tar	148297728	150204	1251800576	1661425
516	1341	AF-0000000211236772	shard_746_batch_4.tar	50618880	159219	1977732608	1875155
516	1371	AF-0000000211236773	shard_732_batch_4.tar	89631232	149986	1281606656	1722113
516	1486	AF-0000000211236776	shard_824_batch_4.tar	145529856	221949	816439296	3601790
516	1491	AF-0000000211236777	shard_768_batch_4.tar	107788288	171683	1798401024	2225733
516	1621	AF-0000000211236778	shard_742_batch_4.tar	95737344	158482	691266048	1857808
516	1665	AF-0000000211236779	shard_776_batch_4.tar	24484864	174750	754955776	2382567
516	1675	AF-0000000211236780	shard_768_batch_4.tar	133494272	173166	1376201216	2256975
516	1721	AF-0000000211236782	shard_732_batch_4.tar	31838208	150698	1979848704	1711234
516	1749	AF-0000000211236784	shard_784_batch_4.tar	81244672	185155	1161661952	2539817
516	1755	AF-0000000211236785	shard_824_batch_4.tar	155064320	218560	2112689152	3703675
516	1805	AF-0000000211236791	shard_770_batch_4.tar	4397056	173489	500814848	2319837
516	1958	AF-0000000211236793	shard_722_batch_4.tar	50045440	146319	1739079680	1647716
516	1969	AF-0000000211236794	shard_784_batch_4.tar	37443072	182040	2661726720	2483433
517	1583	AF-0000000211236854	shard_529_batch_0.tar	54117888	70643	281726464	362127
522	1264	AF-0000000211236931	shard_800_batch_4.tar	132292096	197921	690657280	2993807
528	1435	AF-0000000211237050	shard_822_batch_4.tar	128049152	217331	2765182464	3704758
533	1097	AF-0000000211237174	shard_493_batch_0.tar	749056	61481	289110528	251484
534	1706	AF-0000000211237290	shard_535_batch_0.tar	36986368	76683	512327168	430830
535	1052	AF-0000000211237308	shard_834_batch_4.tar	82277888	233835	1175582720	3635117
535	1241	AF-0000000211237309	shard_788_batch_4.tar	151096832	194764	2401387008	2554961
535	1314	AF-0000000211237310	shard_738_batch_4.tar	124998144	163232	1020851200	1667466
535	1604	AF-0000000211237311	shard_740_batch_4.tar	100681216	163849	1777463808	1707170
535	1950	AF-0000000211237313	shard_677_batch_0.tar	512	132734	254102016	1141964
545	1097	AF-0000000211237501	shard_605_batch_0.tar	91236864	103126	543177728	760324
549	1722	AF-0000000211237572	shard_469_batch_0.tar	7043072	46435	214378496	138031
551	1359	AF-0000000211237609	shard_684_batch_4.tar	130504704	130155	588360192	1273491
560	1514	AF-0000000211237845	shard_537_batch_0.tar	43443200	78052	199604736	439253
560	1892	AF-0000000211237847	shard_561_batch_0.tar	83119104	85899	477666816	523359
563	1060	AF-0000000211237986	shard_832_batch_4.tar	153097216	232432	2347548160	3887974
563	1804	AF-0000000211238019	shard_832_batch_4.tar	199378944	236495	1868180480	3876591
568	1041	AF-0000000211238153	shard_772_batch_4.tar	133044224	177522	879770112	2237669
568	1057	AF-0000000211238154	shard_844_batch_3.tar	158044672	245825	1129208832	4144535
568	1107	AF-0000000211238155	shard_688_batch_4.tar	127471616	134027	1086812160	1241041
568	1734	AF-0000000211238164	shard_744_batch_4.tar	134402560	159864	433427456	1854100
576	1101	AF-0000000211238328	shard_507_batch_0.tar	10427392	65832	333495808	297914
576	1416	AF-0000000211238349	shard_531_batch_0.tar	43000832	76909	525403648	393717
576	1417	AF-0000000211238350	shard_533_batch_0.tar	2683392	76835	413856256	394184
576	1865	AF-0000000211238381	shard_485_batch_0.tar	2228736	55313	266499072	200014
577	1416	AF-0000000211238518	shard_533_batch_0.tar	12205568	77152	500022272	397334
577	1417	AF-0000000211238519	shard_533_batch_0.tar	46103552	77179	537271808	397928
577	1988	AF-0000000211238559	shard_501_batch_0.tar	32709632	64253	376656384	271535
579	1347	AF-0000000211238651	shard_824_batch_4.tar	176808448	222938	920891392	3578648
582	1720	AF-0000000211238719	shard_876_batch_3.tar	253955072	359508	4407403520	9225035
583	1057	AF-0000000211238750	shard_874_batch_3.tar	323170816	333906	1012283904	7612179
583	1636	AF-0000000211238754	shard_870_batch_3.tar	114460672	302011	1033744896	7031921
585	1359	AF-0000000211238819	shard_527_batch_0.tar	42691584	75956	493520384	383228
585	1542	AF-0000000211238826	shard_503_batch_0.tar	37352448	68732	404712960	298597
585	1601	AF-0000000211238833	shard_553_batch_0.tar	17333248	86524	223211520	495019
585	1705	AF-0000000211238841	shard_487_batch_0.tar	21171712	58828	137582080	223664
585	1945	AF-0000000211238852	shard_493_batch_0.tar	23451648	63061	160612352	253795
586	1752	AF-0000000211238940	shard_864_batch_3.tar	191756288	288001	4366884352	5906824
589	1951	AF-0000000211239110	shard_489_batch_0.tar	41008640	58257	151244288	216124
590	1505	AF-0000000211239268	shard_690_batch_4.tar	49634816	133284	372884992	1303543
592	1164	AF-0000000211239288	shard_523_batch_0.tar	21642752	69572	212595712	318299
594	1435	AF-0000000211239434	shard_854_batch_3.tar	76235776	259240	1077344768	5035866
596	1578	AF-0000000211239550	shard_473_batch_0.tar	20448256	51468	206313984	153745
596	1592	AF-0000000211239552	shard_473_batch_0.tar	38094336	51373	234492416	154079
600	1146	AF-0000000211239741	shard_756_batch_4.tar	101308928	167531	968300032	2119509
600	1376	AF-0000000211239749	shard_547_batch_0.tar	44045312	81009	372507136	465902
603	1925	AF-0000000211239897	shard_589_batch_0.tar	84297216	95144	491283456	665328
604	1432	AF-0000000211239980	shard_663_batch_0.tar	3200000	125002	797402112	1090350
604	1659	AF-0000000211239989	shard_730_batch_4.tar	71661056	156658	1769207808	1686863
608	1807	AF-0000000211240200	shard_866_batch_4.tar	40902144	292690	3045640192	6356600
610	1295	AF-0000000211240285	shard_621_batch_0.tar	9567232	108621	968091648	798771
610	1366	AF-0000000211240289	shard_679_batch_0.tar	115245056	130184	961939968	1209836
611	1220	AF-0000000211240379	shard_702_batch_4.tar	136653824	141216	665064960	1362737
611	1372	AF-0000000211240385	shard_469_batch_0.tar	11258880	47767	102394880	139783
611	1563	AF-0000000211240393	shard_475_batch_0.tar	21574144	52445	112201728	167651
611	1889	AF-0000000211240401	shard_481_batch_0.tar	50244096	57290	106928128	191120
611	1988	AF-0000000211240404	shard_475_batch_0.tar	844800	52417	219255808	167359
620	1236	AF-0000000211240652	shard_730_batch_4.tar	10855936	151276	381940224	1698883
620	1683	AF-0000000211240654	shard_734_batch_4.tar	139340288	152402	944719360	1795167
620	1864	AF-0000000211240656	shard_712_batch_4.tar	51136512	142759	775456256	1529139
622	1703	AF-0000000211240673	shard_842_batch_4.tar	213960704	241866	2462663168	4644094
624	1782	AF-0000000211240699	shard_818_batch_4.tar	11006976	213586	1483922944	3243664
628	1950	AF-0000000211240859	shard_557_batch_0.tar	33717760	87963	326501888	530827
629	1515	AF-0000000211240910	shard_778_batch_4.tar	55088128	185281	1634215424	2385762
633	1765	AF-0000000211241048	shard_826_batch_4.tar	8975360	219636	1516974592	3677072
634	1644	AF-0000000211241091	shard_838_batch_4.tar	145544192	232813	4099186688	4043327
635	1584	AF-0000000211241148	shard_660_batch_4.tar	2961408	120806	1191407616	1117071
635	1806	AF-0000000211241162	shard_633_batch_0.tar	6857728	109447	278382080	907320
638	1262	AF-0000000211241252	shard_826_batch_4.tar	94575616	219932	2562632704	3488842
641	1527	AF-0000000211241297	shard_465_batch_0.tar	30683648	40906	194411520	110410
641	1583	AF-0000000211241299	shard_481_batch_0.tar	46698496	51114	231552000	186219
642	1864	AF-0000000211241343	shard_806_batch_4.tar	153097728	199263	620504064	2965677
645	1607	AF-0000000211241419	shard_581_batch_0.tar	40121344	93575	338967552	632376
645	1631	AF-0000000211241420	shard_593_batch_0.tar	93320704	99199	321013760	697568
648	1430	AF-0000000211241481	shard_681_batch_0.tar	62718464	129036	722625024	1060456
648	1976	AF-0000000211241483	shard_736_batch_4.tar	72388608	154491	1401836544	1645036
653	1030	AF-0000000211241594	shard_674_batch_4.tar	34163200	127567	1192589312	1121457
653	1241	AF-0000000211241598	shard_814_batch_3.tar	68042240	215714	2334368256	2999178
653	1391	AF-0000000211241600	shard_672_batch_4.tar	65860608	127507	1257958400	1119913
653	1611	AF-0000000211241602	shard_666_batch_4.tar	43806720	124807	661615104	1042597
653	1660	AF-0000000211241603	shard_676_batch_4.tar	90033664	129940	704367104	1162015
654	1619	AF-0000000211241627	shard_850_batch_3.tar	27474944	251168	1453368832	4847904
657	1542	AF-0000000211241804	shard_513_batch_0.tar	18367488	70830	444454400	332662
659	1183	AF-0000000211241883	shard_772_batch_4.tar	103447552	173019	561163264	2252733
659	1401	AF-0000000211241890	shard_720_batch_4.tar	91611136	145613	479711744	1547672
659	1463	AF-0000000211241891	shard_718_batch_4.tar	120046080	143574	463949312	1599736
661	1122	AF-0000000211241993	shard_774_batch_4.tar	138019328	178597	1069660672	2349591
661	1128	AF-0000000211241994	shard_752_batch_4.tar	20079616	162706	732176896	1968512
661	1262	AF-0000000211242010	shard_774_batch_4.tar	53414912	178541	2403127808	2387336
661	1279	AF-0000000211242012	shard_652_batch_4.tar	30666752	120099	869922816	1008890
661	1464	AF-0000000211242027	shard_673_batch_0.tar	13413888	127245	974854656	1076322
661	1522	AF-0000000211242036	shard_583_batch_0.tar	18743808	94736	518149632	592790
661	1703	AF-0000000211242056	shard_788_batch_4.tar	125030400	187009	2232252416	2684033
661	1735	AF-0000000211242060	shard_714_batch_4.tar	18129920	141251	313877504	1402431
661	1817	AF-0000000211242072	shard_593_batch_0.tar	2180608	97430	560906752	632949
661	1839	AF-0000000211242073	shard_575_batch_0.tar	39465472	92467	301169664	555731
661	1858	AF-0000000211242075	shard_686_batch_4.tar	30994432	133969	1388082176	1199420
661	1880	AF-0000000211242077	shard_686_batch_4.tar	11467264	132938	1030088704	1264703
661	1948	AF-0000000211242084	shard_826_batch_4.tar	132556800	215237	1685159424	3537264
661	1973	AF-0000000211242090	shard_669_batch_0.tar	4139008	125250	1114933760	1133726
665	1296	AF-0000000211242444	shard_722_batch_4.tar	106305024	148238	1378985984	1600916
665	1319	AF-0000000211242448	shard_673_batch_0.tar	26687488	128461	686740480	1191046
665	1944	AF-0000000211242507	shard_581_batch_0.tar	69039616	94166	300211712	615968
672	1034	AF-0000000211242696	shard_698_batch_4.tar	128406016	140392	563894272	1342248
672	1714	AF-0000000211242697	shard_696_batch_4.tar	9278976	139144	654030848	1355937
672	1718	AF-0000000211242698	shard_696_batch_4.tar	31913472	139742	704251904	1308467
673	1057	AF-0000000211242711	shard_830_batch_4.tar	87672832	225175	4028449792	3600598
673	1477	AF-0000000211242714	shard_754_batch_4.tar	88185344	165812	663613440	1930840
673	1566	AF-0000000211242716	shard_685_batch_0.tar	84835840	129173	415906816	1185677
674	1154	AF-0000000211242761	shard_686_batch_4.tar	93385728	130258	1479247872	1254272
674	1200	AF-0000000211242763	shard_609_batch_0.tar	43844096	103237	753900544	718806
674	1201	AF-0000000211242764	shard_573_batch_0.tar	20232704	91590	451478016	531669
674	1251	AF-0000000211242765	shard_659_batch_0.tar	15569408	120995	737097728	1053555
674	1475	AF-0000000211242771	shard_710_batch_4.tar	67314688	140035	372492288	1505698
674	1815	AF-0000000211242777	shard_509_batch_0.tar	52881408	67164	240208384	320169
676	1340	AF-0000000211242833	shard_734_batch_4.tar	22306816	157966	1016310272	1604514
676	1453	AF-0000000211242834	shard_529_batch_0.tar	17074688	77536	217676800	385624
677	1702	AF-0000000211242868	shard_716_batch_4.tar	82266624	146669	1434778624	1577187
682	1101	AF-0000000211242967	shard_557_batch_0.tar	12487168	87508	294189568	494276
682	1543	AF-0000000211242988	shard_537_batch_0.tar	44726272	80379	447520768	403919
682	1592	AF-0000000211242992	shard_531_batch_0.tar	56209408	79245	413684736	383193
682	1707	AF-0000000211243001	shard_611_batch_0.tar	55248384	107043	723028480	745948
682	1889	AF-0000000211243006	shard_562_batch_4.tar	20390400	91077	665233408	516928
683	1372	AF-0000000211243110	shard_477_batch_0.tar	17995264	52383	212769280	175107
683	1601	AF-0000000211243142	shard_533_batch_0.tar	37989376	77281	342144000	414859
683	1608	AF-0000000211243144	shard_601_batch_0.tar	5420032	100738	414787584	700526
683	1728	AF-0000000211243157	shard_668_batch_4.tar	5624320	123898	684395008	1169125
683	1739	AF-0000000211243158	shard_463_batch_0.tar	774144	40707	125367296	98226
683	1773	AF-0000000211243159	shard_648_batch_4.tar	24534016	117223	778614272	980993
684	1499	AF-0000000211243308	shard_537_batch_0.tar	73385984	79894	417562624	427810
684	1575	AF-0000000211243309	shard_555_batch_0.tar	32790528	85600	466766848	524587
685	1417	AF-0000000211243324	shard_836_batch_4.tar	41704960	232108	1574753280	4131483
685	1543	AF-0000000211243326	shard_820_batch_4.tar	130411520	213945	440687616	3566549
687	1245	AF-0000000211243440	shard_728_batch_4.tar	141005824	148555	1894809088	1603937
687	1554	AF-0000000211243490	shard_682_batch_4.tar	47378432	128021	1017667072	1215103
687	1584	AF-0000000211243495	shard_710_batch_4.tar	27595776	140755	749309952	1459403
687	1594	AF-0000000211243497	shard_710_batch_4.tar	60739584	140862	1728374784	1457714
687	1881	AF-0000000211243547	shard_748_batch_4.tar	142036992	158341	594724352	1862902
687	1889	AF-0000000211243548	shard_692_batch_4.tar	65999872	134400	975822336	1317701
689	1204	AF-0000000211243753	shard_714_batch_4.tar	44199936	144708	1274076672	1541334
691	1053	AF-0000000211243766	shard_692_batch_4.tar	19549696	134105	283939328	1325626
691	1877	AF-0000000211243770	shard_748_batch_4.tar	36612096	161870	1584245248	1833688
696	1186	AF-0000000211243807	shard_645_batch_0.tar	96078848	114611	1128391168	984348
696	1411	AF-0000000211243812	shard_852_batch_3.tar	233440256	251067	1449585152	4755736
696	1807	AF-0000000211243820	shard_752_batch_4.tar	17614336	158416	1289088000	1896419
701	1169	AF-0000000211244037	shard_700_batch_4.tar	130794496	138707	799324160	1459600
703	1809	AF-0000000211244100	shard_605_batch_0.tar	26629632	101181	435269120	683540
707	1515	AF-0000000211244171	shard_668_batch_4.tar	60666368	124058	1125836288	1150266
708	1016	AF-0000000211244220	shard_483_batch_0.tar	36347392	54374	148633600	194935
708	1144	AF-0000000211244223	shard_463_batch_0.tar	34865664	41610	117587968	92870
708	1660	AF-0000000211244227	shard_465_batch_0.tar	12784640	44953	151061504	106002
709	1469	AF-0000000211244264	shard_493_batch_0.tar	46100992	62921	215024128	249709
710	1273	AF-0000000211244382	shard_515_batch_0.tar	63178752	71523	410276352	339661
710	1355	AF-0000000211244389	shard_551_batch_0.tar	8788992	83683	420579840	489024
710	1584	AF-0000000211244414	shard_563_batch_0.tar	19368960	89660	485579264	563167
710	1594	AF-0000000211244416	shard_565_batch_0.tar	60285952	89623	490969088	564903
710	1710	AF-0000000211244430	shard_651_batch_0.tar	95428608	120536	779942912	1025957
710	1988	AF-0000000211244449	shard_531_batch_0.tar	63886848	77478	333420544	408630
716	1633	AF-0000000211244612	shard_758_batch_4.tar	40488448	164634	1252943872	1964673
716	1817	AF-0000000211244615	shard_760_batch_4.tar	165504000	165404	1695882752	2005575
717	1729	AF-0000000211244630	shard_760_batch_4.tar	132206080	166717	1753336320	2089833
719	1719	AF-0000000211244669	shard_503_batch_0.tar	12803072	64691	276348416	291089
721	1688	AF-0000000211244740	shard_842_batch_4.tar	121160192	246530	4110401536	4608380
722	1196	AF-0000000211244749	shard_663_batch_0.tar	105670656	124501	1279718400	1060845
722	1424	AF-0000000211244754	shard_641_batch_0.tar	52582912	114908	263709184	947155
722	1488	AF-0000000211244755	shard_836_batch_4.tar	140794368	236686	4218488832	4052572
723	1376	AF-0000000211244814	shard_527_batch_0.tar	42388480	73684	289415680	363054
723	1809	AF-0000000211244816	shard_475_batch_0.tar	1319936	52374	252289536	142700
724	1376	AF-0000000211244843	shard_802_batch_4.tar	36893184	200428	448329216	2572567
727	1545	AF-0000000211244876	shard_770_batch_4.tar	37361152	171389	965829120	2361847
727	1708	AF-0000000211244877	shard_778_batch_4.tar	34443776	176399	1886462464	2497384
729	1861	AF-0000000211244913	shard_641_batch_0.tar	73739264	116606	488100352	937085
733	1252	AF-0000000211244962	shard_718_batch_4.tar	104912896	149529	1698450944	1501513
733	1296	AF-0000000211244964	shard_828_batch_3.tar	104363520	225541	1763315200	3811883
733	1359	AF-0000000211244969	shard_720_batch_4.tar	126180864	148768	306522624	1602023
733	1601	AF-0000000211244979	shard_738_batch_4.tar	70850560	159396	1882678784	1763048
733	1705	AF-0000000211244987	shard_682_batch_4.tar	96795648	131684	1172715520	1227699
736	1179	AF-0000000211245075	shard_690_batch_4.tar	24140288	132274	904972288	1215017
738	1060	AF-0000000211245108	shard_658_batch_4.tar	96520704	121878	962938368	1040763
738	1215	AF-0000000211245116	shard_463_batch_0.tar	12833280	42544	111336448	105815
738	1315	AF-0000000211245123	shard_642_batch_4.tar	103806464	115533	539571712	962185
738	1356	AF-0000000211245129	shard_465_batch_0.tar	42098176	44687	95171072	115572
738	1522	AF-0000000211245142	shard_469_batch_0.tar	44640256	47669	152758784	139670
738	1601	AF-0000000211245155	shard_509_batch_0.tar	17250816	68688	286166016	314704
738	1711	AF-0000000211245164	shard_463_batch_0.tar	35675136	42396	181110272	107142
738	1839	AF-0000000211245171	shard_465_batch_0.tar	13276160	45273	187017728	123344
738	1944	AF-0000000211245182	shard_545_batch_0.tar	60737024	81289	454349312	438610
739	1368	AF-0000000211245287	shard_615_batch_0.tar	63634432	104647	405676032	813846
740	1874	AF-0000000211245305	shard_766_batch_4.tar	123768320	171866	1902452736	2198231
746	1754	AF-0000000211245540	shard_820_batch_4.tar	154610176	214831	728927744	3367944
758	1700	AF-0000000211245815	shard_730_batch_4.tar	33912832	153220	1265955840	1736608
759	1076	AF-0000000211245921	shard_645_batch_0.tar	81806848	115286	1012625920	978037
759	1720	AF-0000000211245950	shard_810_batch_4.tar	136554496	207572	2508893696	3168474
760	1398	AF-0000000211246001	shard_840_batch_3.tar	60118016	239429	4444874240	4502032
763	1075	AF-0000000211246094	shard_714_batch_4.tar	95732736	141609	1151009280	1573901
765	1432	AF-0000000211246172	shard_784_batch_4.tar	103362048	186204	1961836032	2519776
770	1842	AF-0000000211246360	shard_716_batch_4.tar	96526848	146867	326936576	1608155
771	1636	AF-0000000211246369	shard_836_batch_4.tar	46423040	232354	708751360	4223926
773	1807	AF-0000000211246405	shard_864_batch_3.tar	112703488	285336	2865990656	6120655
775	1523	AF-0000000211246424	shard_770_batch_4.tar	137573376	177324	1700487680	2362344
778	1030	AF-0000000211246472	shard_728_batch_4.tar	105380352	151834	1727975424	1627740
778	1611	AF-0000000211246480	shard_722_batch_4.tar	79056896	149582	583164928	1567136
778	1677	AF-0000000211246482	shard_740_batch_4.tar	97827840	158042	458003968	1758977
779	1648	AF-0000000211246518	shard_627_batch_0.tar	50385408	109659	1036808704	845097
782	1289	AF-0000000211246650	shard_599_batch_0.tar	5966848	99521	372478464	708758
783	1526	AF-0000000211246751	shard_461_batch_1.tar	2350080	39436	101200896	95062
784	1772	AF-0000000211246777	shard_852_batch_3.tar	129192960	251529	2176548352	4925731
785	1328	AF-0000000211246830	shard_619_batch_0.tar	84166656	107979	973250560	817304
785	1528	AF-0000000211246838	shard_690_batch_4.tar	84665344	135522	547803648	1331424
786	1060	AF-0000000211246883	shard_832_batch_4.tar	184806912	231813	3354385920	3992783
788	1394	AF-0000000211246904	shard_571_batch_0.tar	47944192	91469	651325440	534692
789	1165	AF-0000000211246927	shard_533_batch_0.tar	2451456	76498	323800576	420739
789	1441	AF-0000000211246950	shard_527_batch_0.tar	70778880	71195	238513152	383239
789	1628	AF-0000000211246969	shard_573_batch_0.tar	92156928	88849	644531200	573914
795	1372	AF-0000000211247256	shard_646_batch_4.tar	108892672	117838	797570048	981677
796	1224	AF-0000000211247270	shard_766_batch_4.tar	127217664	169281	984815104	2282728
796	1545	AF-0000000211247271	shard_766_batch_4.tar	38035456	169314	492754432	2277678
796	1708	AF-0000000211247272	shard_774_batch_4.tar	10875904	174056	639255552	2389584
798	1809	AF-0000000211247289	shard_538_batch_4.tar	17358848	77561	182175744	409552
801	1057	AF-0000000211247323	shard_870_batch_3.tar	242377216	308293	3995406848	6564254
801	1353	AF-0000000211247330	shard_872_batch_4.tar	114430976	326466	2997028352	7678466
801	1477	AF-0000000211247336	shard_844_batch_4.tar	113400832	248113	588549632	4189934
801	1557	AF-0000000211247338	shard_868_batch_4.tar	300253184	295875	3247355392	6153699
801	1651	AF-0000000211247343	shard_744_batch_4.tar	81289216	158515	662307328	1872576
801	1716	AF-0000000211247345	shard_820_batch_4.tar	206706176	212906	1930451968	3220069
801	1730	AF-0000000211247346	shard_828_batch_4.tar	151992832	225497	2183695872	3795181
801	1734	AF-0000000211247347	shard_826_batch_4.tar	207376896	222134	2643539456	3514879
801	1813	AF-0000000211247350	shard_874_batch_3.tar	36175360	342907	1147298304	8501831
801	1981	AF-0000000211247356	shard_842_batch_4.tar	191417856	241655	2618900480	4346734
807	1701	AF-0000000211247482	shard_607_batch_0.tar	85142016	101035	565285376	702269
808	1269	AF-0000000211247494	shard_800_batch_4.tar	64064000	195362	1361861632	2822083
809	1570	AF-0000000211247544	shard_790_batch_4.tar	73373696	192651	1080768512	2653307
815	1955	AF-0000000211247677	shard_824_batch_4.tar	134858240	221423	1665872384	3471055
820	1499	AF-0000000211247700	shard_562_batch_4.tar	64811008	89457	605339648	542094
820	1575	AF-0000000211247701	shard_580_batch_4.tar	49293824	95100	429371392	642170
824	1356	AF-0000000211247817	shard_619_batch_0.tar	82881536	107320	576975360	764535
824	1393	AF-0000000211247820	shard_742_batch_4.tar	73046016	159755	681980928	1801924
824	1493	AF-0000000211247830	shard_679_batch_0.tar	67258880	129839	1220692992	1191081
824	1670	AF-0000000211247858	shard_858_batch_3.tar	151714304	270996	2577044480	5591414
824	1809	AF-0000000211247876	shard_617_batch_0.tar	54262784	107078	511506432	764664
824	1875	AF-0000000211247887	shard_736_batch_4.tar	31803904	154357	1010795008	1781724
824	1927	AF-0000000211247891	shard_585_batch_0.tar	33541632	96408	531027456	599243
824	1931	AF-0000000211247894	shard_607_batch_0.tar	98436608	103907	550644736	706257
827	1879	AF-0000000211248129	shard_814_batch_4.tar	48122368	212523	3293077504	3329432
828	1724	AF-0000000211248239	shard_696_batch_4.tar	28352512	140750	757395456	1364959
830	1375	AF-0000000211248282	shard_617_batch_0.tar	86857728	107236	256492032	798173
831	1033	AF-0000000211248322	shard_872_batch_3.tar	68579840	322555	5121794560	7603580
831	1293	AF-0000000211248323	shard_858_batch_3.tar	128730624	270021	1880459264	5411350
831	1960	AF-0000000211248325	shard_874_batch_3.tar	200190976	339264	8499521024	8656298
834	1046	AF-0000000211248340	shard_555_batch_0.tar	42231808	88299	498535424	511191
834	1101	AF-0000000211248343	shard_565_batch_0.tar	78134272	91595	455867904	561067
838	1893	AF-0000000211248444	shard_661_batch_0.tar	110864384	122327	719688704	1023783
846	1469	AF-0000000211248659	shard_513_batch_0.tar	61756416	72730	370042880	336625
846	1707	AF-0000000211248668	shard_577_batch_0.tar	52306944	96373	650359296	585386
846	1820	AF-0000000211248672	shard_653_batch_0.tar	42952192	122219	930445312	967273
854	1349	AF-0000000211248848	shard_476_batch_0.tar	13603840	52380	238490112	171600
854	1685	AF-0000000211248876	shard_494_batch_0.tar	17553408	62018	274971648	255443
854	1916	AF-0000000211248887	shard_546_batch_0.tar	39558144	80919	521702912	450644
855	1187	AF-0000000211248952	shard_808_batch_4.tar	160782848	204837	3050954752	3019369
861	1173	AF-0000000211249042	shard_738_batch_4.tar	95775232	158106	1414359552	1813446
862	1415	AF-0000000211249113	shard_639_batch_0.tar	87003136	115288	431703040	909951
865	1377	AF-0000000211249153	shard_1103_batch_0.tar	24664064	54500	376487936	189881
867	1242	AF-0000000211249210	shard_722_batch_4.tar	2231808	148386	371912704	1613661
867	1978	AF-0000000211249211	shard_864_batch_3.tar	21364736	283551	2589852160	5964122
868	1356	AF-0000000211249236	shard_774_batch_4.tar	55368704	176754	1818382848	2387289
868	1694	AF-0000000211249250	shard_786_batch_4.tar	87105536	184209	2420315648	2583567
870	1584	AF-0000000211249330	shard_605_batch_0.tar	33227776	103635	538152448	719785
871	1244	AF-0000000211249368	shard_623_batch_0.tar	67265536	107082	967325696	810132
871	1283	AF-0000000211249369	shard_700_batch_4.tar	131766272	135514	1201430016	1396746
871	1484	AF-0000000211249371	shard_657_batch_0.tar	74660864	118926	841249280	1034446
874	1042	AF-0000000211249465	shard_802_batch_4.tar	166350848	195157	2214910976	2849946
878	1052	AF-0000000211249492	shard_756_batch_4.tar	154041856	167021	1873494016	1891517
878	1144	AF-0000000211249493	shard_459_batch_1.tar	34382848	37950	121099776	72898
878	1297	AF-0000000211249494	shard_461_batch_1.tar	18911744	40428	133011968	84300
878	1660	AF-0000000211249497	shard_461_batch_1.tar	4631040	41070	113231360	90097
878	1677	AF-0000000211249498	shard_467_batch_0.tar	46248448	45138	171174912	115623
878	1946	AF-0000000211249499	shard_459_batch_1.tar	15530496	35175	92902912	53629
880	1121	AF-0000000211249519	shard_870_batch_3.tar	193433088	304953	4048998912	7086442
880	1353	AF-0000000211249523	shard_878_batch_2.tar	45206016	411414	11219663872	12285691
882	1978	AF-0000000211249562	shard_872_batch_3.tar	106976256	316761	6225947648	7371874
883	1549	AF-0000000211249622	shard_675_batch_0.tar	27200512	123415	812668416	1122467
886	1515	AF-0000000211249769	shard_670_batch_4.tar	85707776	127753	1291172864	1172530
886	1772	AF-0000000211249773	shard_832_batch_4.tar	32890880	228772	2177038848	3949049
888	1165	AF-0000000211249842	shard_558_batch_4.tar	9882112	87135	364647424	498575
889	1804	AF-0000000211250034	shard_740_batch_4.tar	102259712	161228	1524527616	1803763
889	1880	AF-0000000211250044	shard_655_batch_0.tar	14841344	119802	517224448	1011723
890	1320	AF-0000000211250178	shard_663_batch_0.tar	91837952	121243	1009844736	1074605
891	1010	AF-0000000211250191	shard_784_batch_4.tar	165290496	182261	2172541440	2655343
894	1122	AF-0000000211250231	shard_782_batch_4.tar	83750400	185100	1964897280	2499802
894	1740	AF-0000000211250236	shard_597_batch_0.tar	43082752	100095	641437696	701595
895	1915	AF-0000000211250278	shard_838_batch_4.tar	92621312	238696	1389871104	3941636
896	1318	AF-0000000211250325	shard_671_batch_0.tar	60155392	126648	988992000	1175815
896	1648	AF-0000000211250334	shard_635_batch_0.tar	23480320	112958	520149504	901280
896	1856	AF-0000000211250339	shard_782_batch_4.tar	180078080	181820	2304245248	2427313
898	1130	AF-0000000211250386	shard_583_batch_0.tar	43519488	96528	239161344	598141
898	1168	AF-0000000211250387	shard_651_batch_0.tar	73970688	120155	652079104	1008591
898	1362	AF-0000000211250391	shard_663_batch_0.tar	81458176	123287	1087612416	1053756
898	1750	AF-0000000211250393	shard_615_batch_0.tar	57355264	107119	228534784	807744
899	1323	AF-0000000211250413	shard_726_batch_4.tar	18883584	151046	1327778816	1615703
900	1242	AF-0000000211250434	shard_581_batch_0.tar	35359744	94423	731959808	631266
900	1364	AF-0000000211250439	shard_671_batch_0.tar	48774144	125070	917504512	1187295
900	1912	AF-0000000211250448	shard_601_batch_0.tar	2054144	99951	897955328	736751
903	1626	AF-0000000211250525	shard_637_batch_0.tar	27570176	114423	225871360	920389
903	1777	AF-0000000211250527	shard_603_batch_0.tar	6582272	103324	267593216	740456
906	1215	AF-0000000211250706	shard_493_batch_0.tar	29329920	61885	263773184	244759
906	1543	AF-0000000211250719	shard_493_batch_0.tar	17090048	61842	239376896	249141
907	1505	AF-0000000211250793	shard_738_batch_4.tar	12218880	156388	1963163648	1784383
908	1456	AF-0000000211250836	shard_503_batch_0.tar	26185216	67551	243456000	285528
910	1528	AF-0000000211250863	shard_716_batch_4.tar	111124480	146989	1571638272	1548574
911	1143	AF-0000000211250901	shard_680_batch_4.tar	9917440	130428	370205184	1220095
911	1477	AF-0000000211250912	shard_742_batch_4.tar	103172608	160008	1469453312	1708692
916	1740	AF-0000000211251080	shard_555_batch_0.tar	37118464	84267	455287808	492644
917	1958	AF-0000000211251104	shard_533_batch_0.tar	8369152	76422	389083136	407097
918	1030	AF-0000000211251119	shard_467_batch_0.tar	12948992	44972	190151680	127174
918	1297	AF-0000000211251122	shard_469_batch_0.tar	15857664	46241	152633344	124878
918	1677	AF-0000000211251126	shard_475_batch_0.tar	24686592	51525	148202496	154835
918	1946	AF-0000000211251127	shard_463_batch_0.tar	41082880	41346	155013120	91070
919	1383	AF-0000000211251137	shard_663_batch_0.tar	45133312	122277	1235894784	1083210
920	1077	AF-0000000211251140	shard_778_batch_4.tar	110051840	182998	376202752	2448511
920	1210	AF-0000000211251141	shard_870_batch_3.tar	88340992	305255	4515938304	6654209
920	1500	AF-0000000211251142	shard_862_batch_4.tar	65435136	276877	4020581888	5470837
920	1654	AF-0000000211251144	shard_784_batch_4.tar	162877440	186674	1910065664	2530118
922	1155	AF-0000000211251207	shard_720_batch_4.tar	144809472	148632	1424277504	1562863
922	1165	AF-0000000211251208	shard_686_batch_4.tar	129138176	134009	329283072	1259282
922	1409	AF-0000000211251214	shard_681_batch_0.tar	56168448	129823	373395456	1211594
922	1600	AF-0000000211251222	shard_718_batch_4.tar	67479040	149195	315140096	1557395
922	1601	AF-0000000211251223	shard_744_batch_4.tar	110626816	161333	837393408	1858492
922	1685	AF-0000000211251225	shard_708_batch_4.tar	65269248	143179	1095054336	1420183
923	1991	AF-0000000211251280	shard_560_batch_4.tar	174592	87794	679083520	522928
925	1390	AF-0000000211251292	shard_637_batch_0.tar	26996736	112387	852208128	896163
930	1261	AF-0000000211251354	shard_621_batch_0.tar	106242560	106689	527069184	830235
930	1543	AF-0000000211251364	shard_549_batch_0.tar	29949440	85258	460960256	468518
931	1289	AF-0000000211251446	shard_686_batch_4.tar	101419008	131282	557504512	1275811
931	1729	AF-0000000211251472	shard_629_batch_0.tar	40034816	108915	849931264	873792
931	1751	AF-0000000211251474	shard_678_batch_4.tar	31646208	131059	1384619008	1259032
932	1134	AF-0000000211251593	shard_467_batch_0.tar	39565312	46058	205907968	127825
932	1135	AF-0000000211251594	shard_467_batch_0.tar	20788736	46172	165843456	127397
932	1136	AF-0000000211251595	shard_467_batch_0.tar	25542144	46132	178548224	127385
932	1218	AF-0000000211251599	shard_521_batch_0.tar	30040064	74206	468782080	352717
932	1364	AF-0000000211251612	shard_617_batch_0.tar	8906240	106962	557267456	830156
934	1377	AF-0000000211251780	shard_714_batch_0.tar	89519616	141730	361548288	1447008
936	1652	AF-0000000211251801	shard_485_batch_0.tar	23809536	55617	194279424	195603
936	1807	AF-0000000211251802	shard_690_batch_4.tar	81580032	128144	1404661760	1157806
938	1223	AF-0000000211251817	shard_738_batch_4.tar	105529344	157875	1912838144	1872769
938	1856	AF-0000000211251843	shard_848_batch_3.tar	33727488	250267	950398976	4606154
941	1247	AF-0000000211251964	shard_750_batch_4.tar	120838144	163746	885590016	1913362
941	1644	AF-0000000211251968	shard_828_batch_4.tar	214257152	222617	482619392	3577989
941	1654	AF-0000000211251969	shard_581_batch_0.tar	10193408	97288	602890240	635205
941	1892	AF-0000000211251970	shard_571_batch_0.tar	88742400	90954	243022848	578921
942	1780	AF-0000000211252369	shard_836_batch_4.tar	173416448	232413	1194153984	3872141
944	1353	AF-0000000211252382	shard_872_batch_4.tar	127369728	323915	872948736	7871205
944	1477	AF-0000000211252387	shard_842_batch_4.tar	208556544	245385	4433672192	4287665
944	1567	AF-0000000211252394	shard_824_batch_4.tar	7997440	217682	2831429120	3429122
944	1917	AF-0000000211252400	shard_866_batch_4.tar	101559296	287681	4249043456	6210373
948	1289	AF-0000000211252530	shard_810_batch_4.tar	37666816	205950	2345859072	3128599
948	1632	AF-0000000211252535	shard_750_batch_4.tar	49461760	162864	1436545024	1898636
949	1060	AF-0000000211252578	shard_818_batch_4.tar	54436352	214416	1973191680	3322493
952	1889	AF-0000000211252733	shard_497_batch_0.tar	61310976	64911	158147584	267903
952	1891	AF-0000000211252734	shard_497_batch_0.tar	30191616	65070	153449984	269042
954	1416	AF-0000000211252802	shard_581_batch_0.tar	55996928	92164	680388608	615467
954	1417	AF-0000000211252803	shard_581_batch_0.tar	13169664	92272	790358528	621140
954	1859	AF-0000000211252818	shard_686_batch_4.tar	17139712	127800	1210194944	1267780
954	1930	AF-0000000211252822	shard_710_batch_4.tar	140531200	139016	1049482240	1489881
956	1231	AF-0000000211252893	shard_703_batch_0.tar	60492800	136888	992357376	1353114
957	1248	AF-0000000211253130	shard_565_batch_0.tar	43194880	88813	587512832	538383
957	1534	AF-0000000211253166	shard_657_batch_0.tar	64935936	118641	751224832	1004001
957	1705	AF-0000000211253186	shard_513_batch_0.tar	20367872	68424	447059456	329658
957	1912	AF-0000000211253203	shard_603_batch_0.tar	62608384	99901	559101440	720408
958	1077	AF-0000000211253356	shard_603_batch_0.tar	59430400	102925	639760896	717435
958	1514	AF-0000000211253358	shard_576_batch_4.tar	35021824	93386	412944384	604486
958	1654	AF-0000000211253359	shard_612_batch_4.tar	8914432	106700	624642560	762795
958	1892	AF-0000000211253360	shard_603_batch_0.tar	7913472	100871	733520384	716905
959	1223	AF-0000000211253376	shard_588_batch_4.tar	75913216	99571	771389952	670052
959	1603	AF-0000000211253391	shard_580_batch_4.tar	71892480	95598	744439296	592265
960	1859	AF-0000000211253471	shard_656_batch_4.tar	3986432	118522	597412352	1063822
963	1393	AF-0000000211253615	shard_710_batch_4.tar	116911616	143479	274511872	1475007
963	1416	AF-0000000211253616	shard_617_batch_0.tar	95118336	107219	315823104	821475
963	1460	AF-0000000211253620	shard_639_batch_0.tar	63178752	113462	865123328	945037
963	1528	AF-0000000211253624	shard_706_batch_4.tar	69713408	142752	1521395200	1469497
971	1547	AF-0000000211253884	shard_730_batch_4.tar	144950272	149381	612983808	1715120
972	1215	AF-0000000211253933	shard_792_batch_4.tar	121007104	190458	621314560	2448645
972	1261	AF-0000000211253935	shard_820_batch_3.tar	145418752	212159	1113795072	3201599
972	1265	AF-0000000211253936	shard_872_batch_3.tar	286491136	316475	3091790336	7092904
972	1274	AF-0000000211253938	shard_874_batch_3.tar	254853120	335276	1226109440	8029200
972	1361	AF-0000000211253942	shard_870_batch_3.tar	223714304	303560	1925369344	6737431
972	1595	AF-0000000211253951	shard_870_batch_3.tar	27011072	307053	4856299520	6639837
972	1694	AF-0000000211253955	shard_804_batch_4.tar	14537216	199060	2764668416	2747314
972	1823	AF-0000000211253958	shard_820_batch_3.tar	5648896	213406	3280424448	3213182
972	1889	AF-0000000211253961	shard_804_batch_4.tar	44170752	200907	2822278656	2749060
972	1891	AF-0000000211253962	shard_804_batch_4.tar	93266944	200581	805974016	2754204
972	1951	AF-0000000211253964	shard_792_batch_4.tar	167456256	190284	1632235008	2474975
975	1187	AF-0000000211254038	shard_734_batch_4.tar	44152832	156280	348358656	1753523
975	1233	AF-0000000211254039	shard_710_batch_4.tar	51049472	141101	1224450560	1457180
976	1077	AF-0000000211254055	shard_605_batch_0.tar	83495936	103813	558423552	750404
976	1293	AF-0000000211254058	shard_724_batch_4.tar	17828864	149252	700284928	1667324
976	1514	AF-0000000211254062	shard_579_batch_0.tar	87572480	94495	467026944	618481
976	1553	AF-0000000211254063	shard_583_batch_0.tar	57718784	95632	729853440	636409
976	1654	AF-0000000211254067	shard_615_batch_0.tar	16141312	108647	858127360	785917
976	1892	AF-0000000211254068	shard_605_batch_0.tar	58742784	102162	256148480	718526
976	1932	AF-0000000211254069	shard_736_batch_4.tar	2633728	154584	1244471808	1788628
977	1205	AF-0000000211254090	shard_648_batch_4.tar	114868224	114157	1094724608	996307
988	1477	AF-0000000211254412	shard_818_batch_3.tar	95690240	215267	1197577216	3151390
988	1912	AF-0000000211254428	shard_728_batch_4.tar	102492160	150971	356942848	1624600
995	1469	AF-0000000211254641	shard_473_batch_0.tar	14516736	50983	156437504	157088
995	1707	AF-0000000211254648	shard_519_batch_0.tar	36483072	74014	305960448	372610
996	1110	AF-0000000211254726	shard_800_batch_0.tar	20200448	202199	966934528	2672083
996	1488	AF-0000000211254745	shard_828_batch_0.tar	225008128	228069	601389568	3784656
999	1349	AF-0000000211254967	shard_521_batch_0.tar	18354688	74729	306682368	360323
999	1534	AF-0000000211254986	shard_669_batch_0.tar	120177664	126053	902861824	1128415
999	1584	AF-0000000211254991	shard_575_batch_0.tar	36291584	94638	295175168	617323
999	1594	AF-0000000211254993	shard_575_batch_0.tar	4282368	94634	486389248	618080
999	1600	AF-0000000211254995	shard_563_batch_0.tar	81710080	91361	597837312	557459
999	1707	AF-0000000211255004	shard_603_batch_0.tar	37955072	104596	759212544	713825
999	1804	AF-0000000211255008	shard_736_batch_4.tar	73320960	160148	759793664	1786572
999	1927	AF-0000000211255018	shard_505_batch_0.tar	27322880	67535	269103616	292633
1000	2206	AF-0000000211255104	shard_625_batch_0.tar	53695488	107432	323433984	780499
1001	1122	AF-0000000211255115	shard_758_batch_4.tar	159633408	171020	501775872	2123821
1001	2431	AF-0000000211255124	shard_776_batch_4.tar	67255808	181398	2032203264	2377122
1003	1122	AF-0000000211255131	shard_790_batch_0.tar	157020160	192393	2791492608	2734064
1005	2348	AF-0000000211255139	shard_812_batch_4.tar	135561728	209601	1290641408	3121278
1005	2863	AF-0000000211255140	shard_798_batch_4.tar	9859584	199809	3107019264	2733684
1010	2692	AF-0000000211255194	shard_834_batch_3.tar	7889408	228945	1731884032	4051686
1010	2863	AF-0000000211255196	shard_744_batch_4.tar	133128704	159868	1567775744	1880283
1010	3341	AF-0000000211255200	shard_812_batch_4.tar	117924864	204665	960329216	3270457
1013	2732	AF-0000000211255231	shard_840_batch_3.tar	156262912	239554	2481949184	4259002
1014	2659	AF-0000000211255247	shard_726_batch_4.tar	50894848	151197	940896768	1587824
1016	1052	AF-0000000211255288	shard_782_batch_4.tar	55991808	181938	1219301888	2295203
1016	1144	AF-0000000211255289	shard_481_batch_0.tar	41850368	52910	215118336	188857
1016	1660	AF-0000000211255293	shard_485_batch_0.tar	37700608	55906	146412032	201465
1017	2061	AF-0000000211255335	shard_870_batch_3.tar	110749184	303454	1378589184	6792954
1017	2434	AF-0000000211255344	shard_663_batch_0.tar	26449408	120935	513830400	1124057
1017	2571	AF-0000000211255345	shard_623_batch_0.tar	106630144	106555	580088320	861875
1017	3639	AF-0000000211255374	shard_689_batch_0.tar	35328512	135296	1279844352	1353300
1019	2013	AF-0000000211255405	shard_503_batch_0.tar	48263168	66821	308792832	299111
1019	3551	AF-0000000211255457	shard_647_batch_0.tar	32520192	116876	827455488	975347
1020	1423	AF-0000000211255481	shard_750_batch_4.tar	79181824	163055	810902016	1993040
1020	1436	AF-0000000211255483	shard_565_batch_0.tar	26477568	87952	423919104	557126
1020	1640	AF-0000000211255487	shard_585_batch_0.tar	94078976	94886	610813440	644245
1020	2627	AF-0000000211255514	shard_679_batch_0.tar	91721728	129102	617904640	1191246
1021	2397	AF-0000000211255615	shard_679_batch_0.tar	45331968	131523	299934720	1217006
1021	2529	AF-0000000211255624	shard_523_batch_0.tar	66335744	75603	477486592	371381
1021	2895	AF-0000000211255644	shard_641_batch_0.tar	60668416	118024	722165760	930771
1022	2179	AF-0000000211255728	shard_872_batch_3.tar	209577472	320909	729348608	8006929
1022	3155	AF-0000000211255747	shard_830_batch_4.tar	108980224	226305	595414016	3952607
1023	1700	AF-0000000211255767	shard_774_batch_4.tar	6775808	175502	2022405120	2316270
1026	1133	AF-0000000211255808	shard_590_batch_4.tar	95385088	97379	782959104	637995
1026	3706	AF-0000000211255818	shard_623_batch_0.tar	6009344	108386	709109248	810165
1027	1474	AF-0000000211255833	shard_870_batch_3.tar	132951552	304024	3294358528	7069001
1027	2022	AF-0000000211255858	shard_870_batch_3.tar	249073664	302963	5335552000	6980123
1028	3567	AF-0000000211255942	shard_673_batch_0.tar	103039488	128196	1019256320	1189339
1030	1052	AF-0000000211255948	shard_762_batch_4.tar	150808576	170529	661793280	2005432
1030	1611	AF-0000000211255952	shard_461_batch_1.tar	39477248	40106	102718976	89072
1030	1677	AF-0000000211255954	shard_1101_batch_0.tar	44597760	49022	156230656	148321
1030	2798	AF-0000000211255960	shard_465_batch_0.tar	8899072	42596	106956288	103101
1030	3046	AF-0000000211255962	shard_465_batch_0.tar	25821696	42526	139078144	103913
1030	3054	AF-0000000211255963	shard_623_batch_0.tar	89487872	106346	598332416	826771
1033	3247	AF-0000000211256010	shard_842_batch_4.tar	68049920	244093	3317078016	4494844
1035	1528	AF-0000000211256032	shard_676_batch_4.tar	127132672	128888	528899072	1167479
1038	1154	AF-0000000211256071	shard_696_batch_4.tar	104987136	134286	951685120	1342877
1038	1200	AF-0000000211256073	shard_621_batch_0.tar	59045376	107061	1002834944	782724
1038	1201	AF-0000000211256074	shard_585_batch_0.tar	67792384	95381	228381696	592324
1038	1251	AF-0000000211256075	shard_668_batch_4.tar	111795200	124619	518086144	1133684
1038	1475	AF-0000000211256081	shard_720_batch_4.tar	142602240	144160	632711680	1597548
1041	1323	AF-0000000211256146	shard_814_batch_3.tar	52720128	210355	2251424256	3116000
1041	3551	AF-0000000211256151	shard_792_batch_4.tar	101856768	189933	973328896	2561561
1042	1890	AF-0000000211256155	shard_663_batch_0.tar	24587776	118965	705947648	1007137
1042	2676	AF-0000000211256156	shard_669_batch_0.tar	100259840	123601	434887680	1095866
1044	1102	AF-0000000211256161	shard_804_batch_4.tar	177951232	201581	3272882176	2991834
1044	1122	AF-0000000211256162	shard_842_batch_4.tar	64859648	245858	1659841024	4442731
1044	1302	AF-0000000211256168	shard_782_batch_4.tar	139065344	183536	1679985664	2510643
1044	1764	AF-0000000211256183	shard_788_batch_4.tar	27402752	187801	1216093184	2659809
1044	1878	AF-0000000211256190	shard_854_batch_4.tar	2901504	261031	3969055232	5374726
1044	1958	AF-0000000211256192	shard_766_batch_4.tar	167095296	173110	935138304	2257271
1044	2340	AF-0000000211256205	shard_834_batch_4.tar	58154496	232248	2427502592	4124110
1044	3000	AF-0000000211256225	shard_766_batch_4.tar	63110144	172579	346643968	2179254
1044	3558	AF-0000000211256243	shard_836_batch_4.tar	142450688	233933	3469606912	4255469
1044	3707	AF-0000000211256249	shard_804_batch_4.tar	27250688	199506	2909642240	2971009
1045	1256	AF-0000000211256251	shard_694_batch_4.tar	54658048	134130	1570089472	1336562
1045	1489	AF-0000000211256252	shard_617_batch_0.tar	53091328	104144	459540480	786129
1045	1955	AF-0000000211256253	shard_662_batch_4.tar	18579968	121865	531162624	966520
1045	2892	AF-0000000211256256	shard_655_batch_0.tar	12906496	117910	1196185600	888792
1046	1409	AF-0000000211256282	shard_475_batch_0.tar	7269376	50676	245429248	166584
1046	1410	AF-0000000211256283	shard_473_batch_0.tar	11503104	49728	177313280	156667
1046	1525	AF-0000000211256289	shard_473_batch_0.tar	44680192	50733	236656640	162698
1046	1578	AF-0000000211256294	shard_479_batch_0.tar	5797888	55118	165573632	190171
1046	1599	AF-0000000211256298	shard_473_batch_0.tar	43251200	50732	175914496	163408
1046	3320	AF-0000000211256385	shard_497_batch_0.tar	6395904	63397	206305280	265999
1046	3634	AF-0000000211256398	shard_768_batch_4.tar	165371904	175827	859971072	2127791
1048	1935	AF-0000000211256409	shard_802_batch_4.tar	54923776	202136	1971549696	2720648
1048	3558	AF-0000000211256414	shard_812_batch_3.tar	130658304	207893	491311616	3023260
1049	3551	AF-0000000211256431	shard_647_batch_0.tar	72973824	116824	843863552	983182
1049	3658	AF-0000000211256433	shard_810_batch_4.tar	86682624	202418	2645818368	2822028
1052	1144	AF-0000000211256440	shard_760_batch_4.tar	78918656	170547	2232255488	1976963
1052	1297	AF-0000000211256443	shard_764_batch_4.tar	44875776	172602	1672246272	2008419
1052	1660	AF-0000000211256450	shard_764_batch_4.tar	28938752	173601	2115484160	2012631
1052	1677	AF-0000000211256451	shard_772_batch_4.tar	155995136	178249	954280960	2098428
1052	1946	AF-0000000211256453	shard_756_batch_4.tar	61343232	167448	337582592	1877893
1052	2459	AF-0000000211256459	shard_844_batch_4.tar	106190336	247066	1290095616	4058577
1052	2798	AF-0000000211256461	shard_762_batch_4.tar	134822400	172185	1786930176	1999761
1052	2980	AF-0000000211256464	shard_876_batch_3.tar	66083840	349623	1215413760	9046249
1052	3046	AF-0000000211256465	shard_762_batch_4.tar	30084608	172074	745519616	2011232
1053	2362	AF-0000000211256483	shard_685_batch_0.tar	61015040	130735	1401322496	1201795
1053	3217	AF-0000000211256495	shard_589_batch_0.tar	47834624	96893	495175680	654082
1054	3558	AF-0000000211256507	shard_693_batch_0.tar	7041536	132699	289872896	1329069
1057	1289	AF-0000000211256515	shard_850_batch_3.tar	80493568	256070	4348767232	4717997
1057	1302	AF-0000000211256516	shard_834_batch_4.tar	228011520	233240	1880947712	3763869
1057	2250	AF-0000000211256533	shard_860_batch_4.tar	258798080	276663	4931379712	5217254
1057	2304	AF-0000000211256535	shard_872_batch_3.tar	238208512	319690	6402766848	7106202
1057	2585	AF-0000000211256538	shard_854_batch_4.tar	252667904	264008	764005376	4818543
1057	2596	AF-0000000211256539	shard_868_batch_4.tar	171300352	301716	3305888256	6271780
1057	2653	AF-0000000211256541	shard_876_batch_3.tar	318860800	342455	9114430976	8055330
1057	2956	AF-0000000211256544	shard_876_batch_3.tar	297603584	353777	8426476544	8413837
1057	3139	AF-0000000211256546	shard_844_batch_4.tar	25839616	244660	1482651648	4203619
1057	3173	AF-0000000211256547	shard_878_batch_2.tar	214733824	392981	11588600832	11019828
1057	3434	AF-0000000211256552	shard_868_batch_4.tar	88280064	296088	2675251200	6372623
1058	1644	AF-0000000211256565	shard_822_batch_4.tar	150291968	213736	1702057984	3317345
1058	3059	AF-0000000211256576	shard_776_batch_4.tar	109972480	179443	789476864	2297608
1058	3611	AF-0000000211256580	shard_569_batch_0.tar	3564544	90770	333128192	563008
1059	2499	AF-0000000211256592	shard_840_batch_4.tar	67753984	240132	1185364480	4304118
1060	1315	AF-0000000211257042	shard_806_batch_4.tar	84331008	202787	608477696	3115846
1060	1720	AF-0000000211257060	shard_834_batch_3.tar	186547712	234197	1485789184	3994011
1060	2432	AF-0000000211257084	shard_816_batch_4.tar	39406592	212712	3131948544	3272760
1060	2460	AF-0000000211257085	shard_728_batch_4.tar	51192320	153358	1551823360	1627130
1060	2853	AF-0000000211257095	shard_836_batch_3.tar	171864576	234578	2585235456	4128378
1060	3486	AF-0000000211257119	shard_776_batch_4.tar	48203264	180549	955814400	2382338
1060	3704	AF-0000000211257125	shard_854_batch_3.tar	184930816	259076	4600210432	4865095
1070	3436	AF-0000000211257180	shard_587_batch_0.tar	20905984	95089	260778496	640109
1072	2785	AF-0000000211257234	shard_878_batch_2.tar	370017792	389494	7501844992	10112916
1073	2110	AF-0000000211257276	shard_629_batch_0.tar	31254528	114153	504233472	875348
1073	2578	AF-0000000211257291	shard_593_batch_0.tar	4664320	100567	386586624	701964
1074	1130	AF-0000000211257339	shard_605_batch_0.tar	63068160	104316	285303296	702984
1074	1362	AF-0000000211257344	shard_681_batch_0.tar	26196480	130967	1406964736	1244177
1074	2256	AF-0000000211257349	shard_714_batch_4.tar	53653504	145510	1648482304	1524285
1074	2767	AF-0000000211257353	shard_671_batch_0.tar	123760640	127266	284774912	1158014
1074	3164	AF-0000000211257355	shard_794_batch_4.tar	135907840	191114	2981092864	2700214
1074	3225	AF-0000000211257356	shard_679_batch_0.tar	98965504	131807	736440320	1247102
1075	3072	AF-0000000211257364	shard_704_batch_4.tar	108632576	136116	678709248	1505798
1076	1315	AF-0000000211257372	shard_694_batch_4.tar	13446144	135709	873344000	1376045
1076	2846	AF-0000000211257417	shard_525_batch_0.tar	25448960	73297	273266688	377887
1076	3278	AF-0000000211257433	shard_661_batch_0.tar	53511680	122316	1237642752	1015047
1076	3449	AF-0000000211257441	shard_591_batch_0.tar	28142080	98544	199578624	667506
1076	3634	AF-0000000211257445	shard_780_batch_4.tar	136934400	182190	2638041600	2302719
1077	1293	AF-0000000211257449	shard_710_batch_4.tar	58452480	143344	1154504704	1501719
1077	1654	AF-0000000211257452	shard_595_batch_0.tar	101376	101796	230037504	685065
1077	1932	AF-0000000211257454	shard_724_batch_4.tar	74675200	148923	1758111744	1621597
1077	2825	AF-0000000211257461	shard_562_batch_4.tar	88032768	88998	498803200	542869
1077	3052	AF-0000000211257462	shard_572_batch_4.tar	12573696	93072	701882368	609474
1081	2755	AF-0000000211257475	shard_563_batch_0.tar	12307968	89604	281026048	548405
1082	1149	AF-0000000211257479	shard_704_batch_4.tar	78673920	139824	588187136	1474371
1085	2529	AF-0000000211257584	shard_545_batch_0.tar	74143232	84514	415056384	466387
1089	2478	AF-0000000211257667	shard_637_batch_0.tar	14196224	113237	385393664	931143
1091	1719	AF-0000000211257710	shard_621_batch_0.tar	104177664	107979	655236096	854470
1091	2987	AF-0000000211257711	shard_668_batch_4.tar	120936448	125705	243438080	1079785
1093	1981	AF-0000000211257740	shard_702_batch_4.tar	81236992	138687	1336368128	1395057
1093	2420	AF-0000000211257755	shard_612_batch_4.tar	24732672	104119	883526656	776284
1093	3335	AF-0000000211257787	shard_555_batch_0.tar	83275264	83565	552835072	502451
1093	3350	AF-0000000211257790	shard_461_batch_0.tar	24671232	40949	113287680	98537
1093	3664	AF-0000000211257802	shard_507_batch_0.tar	27416064	66825	163904000	299977
1095	1354	AF-0000000211257864	shard_507_batch_0.tar	45368832	67143	325403648	295086
1095	3289	AF-0000000211257990	shard_547_batch_0.tar	48329728	84326	492018176	458771
1097	1435	AF-0000000211258035	shard_808_batch_4.tar	99913728	203756	3252841472	3191651
1098	1922	AF-0000000211258080	shard_846_batch_4.tar	19813376	241905	3354989568	4337982
1100	2443	AF-0000000211258105	shard_671_batch_0.tar	21050368	122495	1033571328	1158516
1101	1354	AF-0000000211258128	shard_1103_batch_0.tar	58615808	63145	283935232	267718
1101	1446	AF-0000000211258140	shard_473_batch_0.tar	36349440	49714	250242048	157510
1101	1927	AF-0000000211258174	shard_473_batch_0.tar	43099648	49719	241051136	157799
1101	3320	AF-0000000211258241	shard_505_batch_0.tar	1505792	66427	321516544	297059
1101	3368	AF-0000000211258245	shard_491_batch_0.tar	37358080	59896	149377536	235701
1102	1107	AF-0000000211258263	shard_700_batch_4.tar	126362624	139843	502950912	1341524
1102	1122	AF-0000000211258264	shard_782_batch_4.tar	166474240	186666	2728932864	2535370
1102	3423	AF-0000000211258293	shard_744_batch_4.tar	71555584	160438	1142783488	1845778
1102	3434	AF-0000000211258294	shard_788_batch_4.tar	182435840	187685	1796383232	2704125
1103	1860	AF-0000000211258328	shard_519_batch_0.tar	55320064	75646	224638976	368742
1103	3266	AF-0000000211258387	shard_538_batch_4.tar	21857792	79876	365821440	446493
1104	1681	AF-0000000211258414	shard_804_batch_4.tar	108608000	200797	2055900160	2970781
1104	2387	AF-0000000211258420	shard_864_batch_3.tar	100435968	282863	4584355840	6501501
1105	1707	AF-0000000211258461	shard_1105_batch_0.tar	26747904	79254	140429312	382095
1106	1309	AF-0000000211258553	shard_609_batch_0.tar	81194496	103251	301127168	768315
1106	1689	AF-0000000211258558	shard_748_batch_4.tar	37745152	161342	898474496	1905975
1106	3008	AF-0000000211258567	shard_688_batch_4.tar	77709824	133489	1424626688	1236436
1106	3501	AF-0000000211258569	shard_828_batch_3.tar	58878464	225299	484461568	3878816
1107	1176	AF-0000000211258575	shard_700_batch_4.tar	101999104	137280	1090792448	1395379
1107	1477	AF-0000000211258587	shard_786_batch_4.tar	101314048	188474	742632960	2368946
1107	1567	AF-0000000211258589	shard_748_batch_4.tar	40347136	160965	385508864	1724247
1107	2540	AF-0000000211258607	shard_716_batch_4.tar	44668928	144589	722103808	1462883
1107	3442	AF-0000000211258626	shard_572_batch_4.tar	79787008	92687	325632512	584254
1108	3574	AF-0000000211258644	shard_465_batch_0.tar	15992832	44415	115011584	109702
1109	2943	AF-0000000211258726	shard_690_batch_4.tar	23731712	137659	1105245184	1318134
1110	2375	AF-0000000211258771	shard_844_batch_4.tar	132038656	252256	2071042560	3998609
1110	2946	AF-0000000211258774	shard_838_batch_4.tar	207057920	243859	4074740736	3748580
1111	1274	AF-0000000211258777	shard_826_batch_3.tar	94644224	223037	937646592	3727476
1111	3150	AF-0000000211258781	shard_561_batch_0.tar	74252288	85607	217104896	520754
1113	1778	AF-0000000211258790	shard_651_batch_0.tar	1926144	117038	379388416	964813
1114	2455	AF-0000000211258795	shard_716_batch_4.tar	110687744	145847	671378944	1564149
1114	3206	AF-0000000211258801	shard_710_batch_4.tar	118050304	142302	1215707136	1524407
1114	3207	AF-0000000211258802	shard_710_batch_4.tar	55188480	143325	1541224960	1501886
1114	3609	AF-0000000211258807	shard_762_batch_4.tar	69430784	169922	1087508480	2160192
1118	1139	AF-0000000211258845	shard_617_batch_0.tar	76546560	107757	706299392	824599
1118	2463	AF-0000000211258889	shard_573_batch_0.tar	34832896	91570	207289344	596101
1118	3484	AF-0000000211258937	shard_664_batch_4.tar	24435712	123019	360272896	1143382
1118	3684	AF-0000000211258947	shard_652_batch_4.tar	64450560	121079	636964864	1053324
1120	1310	AF-0000000211258955	shard_870_batch_3.tar	79151616	308296	6311835648	7574486
1120	1538	AF-0000000211258956	shard_874_batch_3.tar	270184960	331636	3672697344	8758594
1120	1618	AF-0000000211258957	shard_862_batch_3.tar	17923072	275076	694809600	5919866
1120	1862	AF-0000000211258962	shard_868_batch_3.tar	45170176	296921	1586886656	7105926
1120	3038	AF-0000000211258974	shard_858_batch_3.tar	48696832	267377	3773690880	5733529
1121	1143	AF-0000000211258980	shard_782_batch_4.tar	138331648	182417	1084924416	2472344
1121	1477	AF-0000000211258985	shard_816_batch_4.tar	11559424	211762	3238290944	3137907
1121	1813	AF-0000000211258995	shard_870_batch_3.tar	229818880	305238	3583999488	7096412
1121	2538	AF-0000000211259010	shard_760_batch_4.tar	137454592	165796	475016192	2119682
1121	2540	AF-0000000211259011	shard_764_batch_4.tar	43325440	167962	2324929536	2020716
1121	2919	AF-0000000211259017	shard_766_batch_4.tar	58092544	171222	2177147904	2202419
1121	2926	AF-0000000211259018	shard_784_batch_4.tar	123778560	184797	2074777088	2565137
1122	1302	AF-0000000211259047	shard_756_batch_4.tar	73859584	168406	467702784	2047601
1122	1755	AF-0000000211259069	shard_830_batch_4.tar	100967936	230310	658882048	3906407
1122	1758	AF-0000000211259070	shard_764_batch_4.tar	46075392	173019	414093312	2187963
1122	1764	AF-0000000211259071	shard_764_batch_4.tar	76998656	172932	684782080	2200085
1122	1821	AF-0000000211259074	shard_722_batch_4.tar	85304832	151086	1807327744	1634209
1122	1958	AF-0000000211259080	shard_738_batch_4.tar	95304704	158119	1258615808	1805321
1122	3551	AF-0000000211259152	shard_794_batch_4.tar	106064384	193675	1591747072	2723593
1122	3568	AF-0000000211259156	shard_780_batch_4.tar	173443584	182736	1823324160	2434695
1122	3707	AF-0000000211259161	shard_782_batch_4.tar	118476288	184828	1038506496	2492260
1124	2126	AF-0000000211259215	shard_754_batch_4.tar	73155072	165766	1276240896	1989481
1124	3651	AF-0000000211259230	shard_852_batch_3.tar	241182720	257823	4034925056	4842333
1125	2588	AF-0000000211259246	shard_876_batch_3.tar	314244608	367473	5020226560	10426989
1126	2207	AF-0000000211259286	shard_732_batch_4.tar	73686528	148711	1923958784	1649870
1126	2490	AF-0000000211259291	shard_806_batch_4.tar	190656512	195719	2470048256	3025788
1129	1623	AF-0000000211259330	shard_714_batch_4.tar	14201344	144536	321306112	1518640
1129	1865	AF-0000000211259334	shard_545_batch_0.tar	34299392	81280	335599104	452384
1129	2992	AF-0000000211259349	shard_553_batch_0.tar	75406848	84982	615012352	502760
1130	1366	AF-0000000211259360	shard_618_batch_4.tar	70292480	107224	915493376	806865
1130	1449	AF-0000000211259361	shard_587_batch_0.tar	66043392	97085	467910656	642857
1130	3081	AF-0000000211259362	shard_585_batch_0.tar	84594688	97371	695926784	612902
1130	3512	AF-0000000211259364	shard_604_batch_4.tar	101988864	102764	712580096	720834
1131	1520	AF-0000000211259366	shard_681_batch_0.tar	47936000	126109	1155614720	1226660
1131	3095	AF-0000000211259374	shard_718_batch_4.tar	57759744	145545	1812531200	1604256
1133	3706	AF-0000000211259392	shard_477_batch_0.tar	648704	52900	160043008	170262
1134	1231	AF-0000000211259396	shard_585_batch_0.tar	34996224	95864	682699776	625890
1134	2000	AF-0000000211259407	shard_1101_batch_0.tar	8681984	44506	148289024	122309
1134	2716	AF-0000000211259425	shard_467_batch_0.tar	17683968	43568	149369856	116310
1134	2856	AF-0000000211259428	shard_461_batch_1.tar	27759616	39518	87723008	90496
1134	3216	AF-0000000211259438	shard_477_batch_0.tar	35194368	50107	143792128	160965
1134	3708	AF-0000000211259452	shard_1101_batch_0.tar	13656064	39494	133968896	89912
1135	1231	AF-0000000211259456	shard_585_batch_0.tar	83249664	95847	371731456	625250
1135	2000	AF-0000000211259467	shard_467_batch_0.tar	27454976	44310	196950528	122457
1135	2716	AF-0000000211259485	shard_467_batch_0.tar	37324288	43641	172312576	116702
1135	2856	AF-0000000211259488	shard_461_batch_1.tar	22911488	39401	159774720	90805
1135	3216	AF-0000000211259498	shard_477_batch_0.tar	24642048	50084	232717824	161645
1135	3708	AF-0000000211259512	shard_461_batch_1.tar	287744	39641	127093248	90366
1136	1231	AF-0000000211259516	shard_585_batch_0.tar	68753408	95786	412779520	626373
1136	2000	AF-0000000211259527	shard_467_batch_0.tar	42539520	44456	141169664	121894
1136	2716	AF-0000000211259545	shard_1101_batch_0.tar	20640256	43511	91317248	116314
1136	2856	AF-0000000211259548	shard_461_batch_1.tar	691712	39494	96952320	90911
1136	3216	AF-0000000211259558	shard_477_batch_0.tar	21020160	50137	205637632	162539
1136	3708	AF-0000000211259572	shard_461_batch_1.tar	13549568	39564	164383232	90376
1137	1579	AF-0000000211259573	shard_465_batch_0.tar	23457280	44707	136019456	111066
1137	2783	AF-0000000211259574	shard_461_batch_1.tar	15417856	40784	161532416	87681
1138	2242	AF-0000000211259587	shard_816_batch_4.tar	25051136	209811	1501421568	3499894
1139	1469	AF-0000000211259603	shard_547_batch_0.tar	81760768	85526	326009344	486598
1139	1915	AF-0000000211259624	shard_750_batch_4.tar	46837760	165453	577120768	1936977
1139	2463	AF-0000000211259645	shard_579_batch_0.tar	92489216	95050	234830336	631288
1139	2529	AF-0000000211259650	shard_543_batch_0.tar	28476928	82284	256116736	447848
1139	2713	AF-0000000211259658	shard_601_batch_0.tar	80206336	103597	691514368	743485
1139	3044	AF-0000000211259678	shard_563_batch_0.tar	18732032	90721	241795072	541963
1139	3131	AF-0000000211259685	shard_567_batch_0.tar	21700608	91673	183784448	568571
1139	3324	AF-0000000211259691	shard_720_batch_4.tar	68108288	149449	661074944	1614265
1139	3430	AF-0000000211259696	shard_561_batch_0.tar	52620288	89047	641971200	533774
1141	2022	AF-0000000211259751	shard_796_batch_4.tar	107171328	191143	1061629952	2742334
1141	2408	AF-0000000211259756	shard_669_batch_0.tar	123197440	123141	1238948864	1114434
1141	3333	AF-0000000211259769	shard_740_batch_4.tar	57494528	157551	1701384192	1869944
1141	3448	AF-0000000211259773	shard_708_batch_4.tar	987136	140006	1161371648	1453497
1142	1555	AF-0000000211259784	shard_878_batch_2.tar	108058624	408020	4218848768	11582593
1142	1693	AF-0000000211259785	shard_878_batch_2.tar	226187776	393160	2698980352	10770047
1142	2134	AF-0000000211259787	shard_878_batch_2.tar	121838592	382723	4283168768	10148932
1142	2640	AF-0000000211259790	shard_862_batch_4.tar	74191872	281452	5384460800	5547849
1142	2912	AF-0000000211259791	shard_874_batch_3.tar	317880832	336644	5960454144	7872928
1143	1305	AF-0000000211259794	shard_786_batch_4.tar	149428224	183456	1113023488	2565815
1143	2074	AF-0000000211259808	shard_774_batch_4.tar	41638912	176757	2339418624	2274696
1144	1297	AF-0000000211259846	shard_465_batch_0.tar	36309504	42937	111070720	110680
1144	1660	AF-0000000211259849	shard_465_batch_0.tar	37919744	43318	177461248	95180
1147	1173	AF-0000000211259877	shard_800_batch_4.tar	173388288	197354	1578252288	2824228
1147	2443	AF-0000000211259900	shard_682_batch_4.tar	49607680	129626	401562624	1253425
1147	2979	AF-0000000211259911	shard_708_batch_4.tar	53361664	139480	1646169088	1467042
1147	3436	AF-0000000211259920	shard_720_batch_4.tar	44069888	145058	535797760	1571311
1147	3437	AF-0000000211259921	shard_746_batch_4.tar	114348544	161269	994117632	1925121
1149	1222	AF-0000000211259933	shard_782_batch_4.tar	9159168	179716	1043283968	2438761
1149	1570	AF-0000000211259939	shard_716_batch_4.tar	106308096	146458	1612836352	1555387
1150	1326	AF-0000000211259952	shard_549_batch_0.tar	53380608	83491	487391744	479431
1150	1832	AF-0000000211259954	shard_477_batch_0.tar	33074688	53347	137282560	184860
1150	3537	AF-0000000211259958	shard_601_batch_0.tar	78262784	101658	435293696	708637
1154	1477	AF-0000000211259979	shard_820_batch_4.tar	164405248	216712	2698036736	3225689
1154	1529	AF-0000000211259982	shard_710_batch_4.tar	99343872	139860	1583570432	1445517
1154	1566	AF-0000000211259984	shard_780_batch_4.tar	83958784	180247	1194376192	2430595
1154	1912	AF-0000000211259987	shard_732_batch_4.tar	24141824	152603	1630174720	1718344
1154	2837	AF-0000000211259993	shard_872_batch_3.tar	14614016	318062	1790915584	7728468
1154	3053	AF-0000000211259995	shard_679_batch_0.tar	92899840	128364	564880384	1215493
1155	1348	AF-0000000211260012	shard_495_batch_0.tar	18569216	62803	194186752	249798
1155	1349	AF-0000000211260013	shard_495_batch_0.tar	43033600	62878	345371136	249114
1155	1372	AF-0000000211260018	shard_503_batch_0.tar	13271040	65976	333807616	288064
1155	1542	AF-0000000211260032	shard_517_batch_0.tar	16203776	73074	242317312	351534
1155	1543	AF-0000000211260033	shard_501_batch_0.tar	57906176	65057	128705024	280345
1155	1594	AF-0000000211260038	shard_543_batch_0.tar	61516288	82564	381436416	476428
1155	2102	AF-0000000211260071	shard_487_batch_0.tar	21581824	57944	284080640	211088
1155	2474	AF-0000000211260093	shard_503_batch_0.tar	6318080	66275	161465344	290999
1155	3292	AF-0000000211260131	shard_509_batch_0.tar	62772224	68858	204285952	312198
1155	3368	AF-0000000211260135	shard_503_batch_0.tar	45166592	66472	176268288	288054
1155	3427	AF-0000000211260138	shard_477_batch_0.tar	32372736	53089	133463552	169314
1155	3690	AF-0000000211260152	shard_591_batch_0.tar	27152896	95752	763620352	669578
1159	1218	AF-0000000211260171	shard_710_batch_4.tar	134245888	144598	407358464	1540422
1160	1859	AF-0000000211260199	shard_722_batch_4.tar	42611712	145811	1573974528	1621136
1160	1988	AF-0000000211260205	shard_593_batch_0.tar	91232768	97385	586281984	672333
1160	2354	AF-0000000211260217	shard_581_batch_0.tar	70080000	92938	184234496	613123
1160	3124	AF-0000000211260230	shard_784_batch_4.tar	180692992	183842	1614142976	2541333
1160	3704	AF-0000000211260245	shard_826_batch_4.tar	75269120	218566	895336448	3498530
1162	2538	AF-0000000211260247	shard_712_batch_4.tar	99741184	144093	797640192	1551203
1164	2973	AF-0000000211260267	shard_567_batch_0.tar	23696896	90800	367821312	560185
1165	1355	AF-0000000211260284	shard_493_batch_0.tar	62357504	61865	228659200	239640
1165	1796	AF-0000000211260319	shard_491_batch_0.tar	44178432	62230	151942144	241752
1165	2153	AF-0000000211260340	shard_459_batch_1.tar	3477504	36677	104851456	65014
1165	2474	AF-0000000211260361	shard_475_batch_0.tar	20098560	51731	237127168	165334
1165	3426	AF-0000000211260400	shard_459_batch_1.tar	25337856	38052	70367232	79381
1165	3427	AF-0000000211260401	shard_459_batch_1.tar	4490240	38167	95164416	79297
1165	3663	AF-0000000211260411	shard_738_batch_4.tar	624640	158724	1591201280	1766152
1166	2181	AF-0000000211260435	shard_860_batch_3.tar	223100928	278601	1869224448	5565318
1166	2795	AF-0000000211260444	shard_766_batch_4.tar	10169344	171029	823678464	2167199
1167	1663	AF-0000000211260470	shard_864_batch_3.tar	221610496	289817	3713478656	6372243
1167	3026	AF-0000000211260475	shard_836_batch_4.tar	181237248	233149	3565022208	4079403
1167	3411	AF-0000000211260477	shard_834_batch_4.tar	147130368	232683	473761792	4100112
1168	2768	AF-0000000211260551	shard_772_batch_4.tar	130738176	179744	1525014016	2379402
1168	3090	AF-0000000211260562	shard_669_batch_0.tar	10541568	127048	735757824	1147394
1169	1437	AF-0000000211260594	shard_686_batch_4.tar	132608	133197	1431574528	1350272
1169	2624	AF-0000000211260612	shard_704_batch_4.tar	67136000	138970	941579264	1497059
1170	1367	AF-0000000211260627	shard_659_batch_0.tar	60224512	118854	1148676096	959674
1171	1935	AF-0000000211260643	shard_864_batch_3.tar	71118336	287518	5485717504	5829549
1172	1205	AF-0000000211260647	shard_816_batch_4.tar	170817536	209949	1187985408	3317468
1172	2768	AF-0000000211260696	shard_860_batch_3.tar	4097536	279377	4541028864	5692954
1173	1274	AF-0000000211260728	shard_866_batch_3.tar	20486656	296636	1787245568	6569228
1173	2292	AF-0000000211260750	shard_850_batch_3.tar	113292800	257808	2989285376	5023853
1173	2715	AF-0000000211260758	shard_796_batch_4.tar	162433536	195758	525112832	2741020
1173	2914	AF-0000000211260762	shard_862_batch_3.tar	37225472	275641	3048199168	5436616
1173	2953	AF-0000000211260763	shard_840_batch_3.tar	79028736	240695	2264653312	4220105
1174	1619	AF-0000000211260787	shard_874_batch_3.tar	262213120	336729	7403331072	8688362
1175	1780	AF-0000000211260790	shard_720_batch_4.tar	60921856	145427	979374080	1530732
1176	1477	AF-0000000211260794	shard_790_batch_4.tar	142526976	189237	1701502976	2596421
1179	2976	AF-0000000211260855	shard_670_batch_4.tar	58343424	122026	353876992	1097907
1182	1438	AF-0000000211260865	shard_786_batch_4.tar	82616832	184332	628256768	2402177
1182	2543	AF-0000000211260872	shard_627_batch_0.tar	87955456	111604	1016372736	817050
1182	2917	AF-0000000211260876	shard_754_batch_4.tar	43193344	165858	2219046400	2060194
1183	1339	AF-0000000211260884	shard_818_batch_4.tar	110711296	210858	3059779072	3258579
1184	2375	AF-0000000211260892	shard_754_batch_4.tar	35252736	165340	1675723776	1829370
1186	1786	AF-0000000211260905	shard_621_batch_0.tar	8701952	106086	236741120	759527
1186	1857	AF-0000000211260906	shard_641_batch_0.tar	31926272	113225	878244352	947483
1186	1858	AF-0000000211260907	shard_639_batch_0.tar	90797056	114048	1086135808	926098
1186	3002	AF-0000000211260910	shard_619_batch_0.tar	62537216	104704	404989440	823086
1187	1632	AF-0000000211260923	shard_736_batch_4.tar	17849856	157344	890473984	1766124
1187	1633	AF-0000000211260924	shard_736_batch_4.tar	59328512	157120	545675264	1760605
1187	1817	AF-0000000211260927	shard_738_batch_4.tar	784384	157929	1265755648	1809090
1187	2066	AF-0000000211260931	shard_730_batch_4.tar	9633280	154495	814303232	1699159
1187	2127	AF-0000000211260932	shard_868_batch_3.tar	40967680	302373	2187658240	6877531
1187	2145	AF-0000000211260934	shard_738_batch_4.tar	117444608	157207	1040463360	1782893
1187	2452	AF-0000000211260937	shard_728_batch_4.tar	128114688	153223	767380480	1696520
1187	2493	AF-0000000211260939	shard_828_batch_3.tar	11489792	223603	2955627520	3582764
1187	2730	AF-0000000211260945	shard_796_batch_4.tar	74404352	196668	651220992	2723659
1187	2803	AF-0000000211260948	shard_800_batch_4.tar	123522560	199806	2083443200	2792327
1187	2993	AF-0000000211260950	shard_848_batch_3.tar	52849664	250001	3497884160	4744873
1187	3283	AF-0000000211260954	shard_794_batch_4.tar	156232704	195664	1620972544	2663295
1187	3301	AF-0000000211260955	shard_864_batch_3.tar	223028224	287002	3485824000	6071462
1188	1462	AF-0000000211260963	shard_870_batch_3.tar	199562752	307563	1239826944	7193983
1189	2680	AF-0000000211260988	shard_511_batch_0.tar	25774080	69020	199920640	306978
1190	3632	AF-0000000211260991	shard_830_batch_4.tar	59423744	225051	3791286272	3721102
1191	2476	AF-0000000211261038	shard_758_batch_4.tar	125612544	164575	2189659136	2076395
1192	2529	AF-0000000211261111	shard_539_batch_0.tar	20057088	81155	274821120	442320
1192	2729	AF-0000000211261115	shard_728_batch_4.tar	44968960	154364	1223720448	1626318
1193	1262	AF-0000000211261136	shard_734_batch_4.tar	63154176	155492	599975936	1776568
1193	2073	AF-0000000211261140	shard_527_batch_0.tar	29536256	76931	450410496	386964
1193	2150	AF-0000000211261142	shard_828_batch_4.tar	204748288	224029	1955161088	3888646
1193	2768	AF-0000000211261144	shard_744_batch_4.tar	128182272	162762	831816704	1917687
1195	3633	AF-0000000211261166	shard_489_batch_0.tar	45230592	58657	279471616	224161
1196	2482	AF-0000000211261186	shard_689_batch_0.tar	25559552	130854	706543616	1253829
1196	3393	AF-0000000211261202	shard_694_batch_4.tar	119618048	134079	1523974144	1333379
1198	1541	AF-0000000211261216	shard_824_batch_3.tar	205366784	218411	2932308480	3236633
1199	1339	AF-0000000211261252	shard_762_batch_4.tar	141946368	168395	2259815424	2165019
1200	1587	AF-0000000211261268	shard_643_batch_0.tar	30055936	115849	918422016	911995
1200	3610	AF-0000000211261269	shard_621_batch_0.tar	14666752	108442	539121664	785107
1201	1587	AF-0000000211261271	shard_607_batch_0.tar	36487168	104074	777595904	713506
1201	3610	AF-0000000211261272	shard_585_batch_0.tar	36159488	96730	267426816	594204
1202	2884	AF-0000000211261274	shard_788_batch_4.tar	148451328	185569	1527810560	2545465
1202	3156	AF-0000000211261275	shard_746_batch_4.tar	129163776	159901	889943552	1900745
1203	1689	AF-0000000211261283	shard_730_batch_4.tar	49481216	152355	837863936	1689034
1205	2541	AF-0000000211261318	shard_578_batch_4.tar	26203136	89923	264952320	590366
1205	3315	AF-0000000211261335	shard_710_batch_4.tar	78468096	136940	663961088	1437318
1205	3664	AF-0000000211261343	shard_595_batch_0.tar	80565248	93710	821666304	652488
1208	1707	AF-0000000211261365	shard_549_batch_0.tar	5825024	85694	590238208	485591
1208	2169	AF-0000000211261379	shard_493_batch_0.tar	47221760	62774	290320384	251534
1209	1411	AF-0000000211261438	shard_874_batch_3.tar	173799424	319727	5043436032	7912144
1210	2498	AF-0000000211261442	shard_872_batch_3.tar	15244800	313138	5413102080	7384045
1211	1455	AF-0000000211261447	shard_874_batch_3.tar	111711744	316234	1793674752	6935608
1212	1337	AF-0000000211261466	shard_609_batch_0.tar	35143168	103726	868371456	784603
1212	1719	AF-0000000211261472	shard_515_batch_0.tar	5987328	70594	343638016	340143
1212	1852	AF-0000000211261475	shard_742_batch_4.tar	141371392	159795	1258015744	1940169
1212	1925	AF-0000000211261478	shard_572_batch_4.tar	56259584	90349	217081856	591025
1212	2127	AF-0000000211261483	shard_816_batch_3.tar	71801344	212614	2221585920	3345060
1212	3008	AF-0000000211261499	shard_672_batch_4.tar	104515072	128714	302932480	1126666
1212	3635	AF-0000000211261509	shard_507_batch_0.tar	1594368	69085	170536448	271871
1212	3683	AF-0000000211261510	shard_746_batch_4.tar	34906112	162028	1754074112	1715046
1213	1320	AF-0000000211261513	shard_756_batch_4.tar	102981632	162364	826956288	1943814
1213	1658	AF-0000000211261517	shard_668_batch_4.tar	103269888	123783	964815360	1092558
1214	2340	AF-0000000211261539	shard_742_batch_4.tar	133935616	155922	335209984	1845018
1214	3558	AF-0000000211261543	shard_748_batch_4.tar	51018240	157838	318336000	1902189
1215	1355	AF-0000000211261557	shard_497_batch_0.tar	8205312	63138	300676096	260593
1215	1372	AF-0000000211261560	shard_477_batch_0.tar	52041728	52448	172781568	173432
1215	1603	AF-0000000211261593	shard_509_batch_0.tar	60128256	68843	339000832	304183
1215	1728	AF-0000000211261607	shard_669_batch_0.tar	52839936	124083	858644992	1157008
1215	1773	AF-0000000211261609	shard_647_batch_0.tar	115808256	117385	747573760	973920
1215	1859	AF-0000000211261615	shard_619_batch_0.tar	25331712	105523	633512448	833104
1215	2474	AF-0000000211261665	shard_477_batch_0.tar	33886208	52998	229423104	175939
1215	3311	AF-0000000211261721	shard_543_batch_0.tar	80479744	80670	334430208	430665
1215	3337	AF-0000000211261724	shard_605_batch_0.tar	38394880	101524	922388992	724526
1215	3345	AF-0000000211261725	shard_531_batch_0.tar	77436928	75779	156333056	398497
1215	3368	AF-0000000211261727	shard_1101_batch_0.tar	30955520	53013	119305728	177752
1215	3426	AF-0000000211261729	shard_461_batch_1.tar	1179136	39310	101396480	88393
1215	3427	AF-0000000211261730	shard_461_batch_1.tar	33260544	39419	109797888	87507
1215	3448	AF-0000000211261731	shard_549_batch_0.tar	64004608	82440	619006464	466026
1215	3704	AF-0000000211261753	shard_780_batch_4.tar	91106816	179169	940058112	2289589
1218	3036	AF-0000000211261831	shard_770_batch_4.tar	91007488	174921	1916084736	2250954
1219	2539	AF-0000000211261842	shard_503_batch_0.tar	51958784	65828	163751936	270954
1220	1356	AF-0000000211261850	shard_718_batch_4.tar	95689728	148688	1233288192	1524603
1220	1856	AF-0000000211261866	shard_852_batch_3.tar	172541952	259564	5179134464	4735849
1220	2311	AF-0000000211261877	shard_840_batch_3.tar	203367424	245609	2597091840	4251554
1220	2317	AF-0000000211261878	shard_754_batch_4.tar	53443584	167020	777913344	2006096
1220	2323	AF-0000000211261879	shard_768_batch_4.tar	60083200	174989	2331724800	2265999
1220	3675	AF-0000000211261910	shard_804_batch_4.tar	58543616	204125	2589879808	2956414
1221	2340	AF-0000000211261920	shard_782_batch_4.tar	16870400	182584	696188928	2571967
1222	1367	AF-0000000211261936	shard_665_batch_0.tar	52022784	120322	976946688	1091329
1222	1433	AF-0000000211261938	shard_840_batch_4.tar	237199360	233666	3562100736	4263654
1222	2978	AF-0000000211261947	shard_776_batch_4.tar	90206720	175470	2143024128	2277265
1223	1474	AF-0000000211261965	shard_740_batch_4.tar	66652160	154750	601133056	1810372
1223	2372	AF-0000000211262024	shard_643_batch_0.tar	64808960	115624	571886080	944559
1224	1306	AF-0000000211262074	shard_774_batch_4.tar	26144768	171598	1334265344	2438139
1224	1545	AF-0000000211262075	shard_768_batch_4.tar	154410496	169702	2447067648	2329717
1224	1708	AF-0000000211262076	shard_776_batch_4.tar	77430784	174566	1701522944	2429139
1224	3572	AF-0000000211262083	shard_770_batch_4.tar	94175744	170090	1518532608	2349564
1226	2570	AF-0000000211262106	shard_860_batch_3.tar	201461760	276966	1435654144	5538825
1229	2000	AF-0000000211262136	shard_547_batch_0.tar	35978240	83799	482110464	485493
1229	2725	AF-0000000211262147	shard_746_batch_4.tar	28622336	160430	1442037760	1934985
1230	1443	AF-0000000211262155	shard_772_batch_4.tar	160421376	178329	1648930816	2123222
1232	2793	AF-0000000211262177	shard_661_batch_0.tar	12525568	122828	550106112	1060936
1233	1632	AF-0000000211262190	shard_712_batch_4.tar	114023936	142203	1300518400	1501456
1233	1633	AF-0000000211262191	shard_712_batch_4.tar	40050176	142005	1293178880	1502358
1233	1815	AF-0000000211262193	shard_714_batch_4.tar	75260928	143973	1393095680	1547124
1233	2127	AF-0000000211262198	shard_866_batch_4.tar	89811968	288124	4482787328	6398602
1233	2145	AF-0000000211262200	shard_714_batch_4.tar	53510656	142179	1591800320	1527176
1233	2308	AF-0000000211262202	shard_714_batch_4.tar	140699136	142454	1286076416	1524710
1233	2452	AF-0000000211262203	shard_704_batch_4.tar	49655808	138668	1666526720	1424086
1233	2477	AF-0000000211262204	shard_844_batch_4.tar	195462144	242549	2058414080	4317754
1233	2493	AF-0000000211262205	shard_818_batch_4.tar	78144000	208338	2928135168	3288011
1233	2612	AF-0000000211262208	shard_710_batch_4.tar	101628928	141255	280508928	1508230
1233	2730	AF-0000000211262211	shard_780_batch_4.tar	99526144	182381	935292416	2428938
1233	2803	AF-0000000211262214	shard_786_batch_4.tar	185297920	184972	1891277312	2586395
1233	2993	AF-0000000211262216	shard_840_batch_4.tar	234516480	235011	3574761472	4335583
1233	3301	AF-0000000211262220	shard_860_batch_4.tar	113412608	272623	2211004928	5667249
1233	3554	AF-0000000211262225	shard_712_batch_4.tar	125118464	141679	1058301440	1518157
1234	1585	AF-0000000211262233	shard_581_batch_0.tar	40881152	95044	446999040	646840
1234	3241	AF-0000000211262250	shard_517_batch_0.tar	57216512	72165	327511552	334149
1235	1978	AF-0000000211262269	shard_878_batch_2.tar	121068544	400747	3582175744	11016123
1236	1683	AF-0000000211262301	shard_647_batch_0.tar	14808064	116080	1048244736	983959
1236	2704	AF-0000000211262315	shard_820_batch_4.tar	8067584	213677	1844172800	3436014
1236	3566	AF-0000000211262325	shard_643_batch_0.tar	18795520	114531	411970048	930594
1241	1950	AF-0000000211262359	shard_728_batch_4.tar	143433216	156215	391800832	1626052
1243	1318	AF-0000000211262385	shard_800_batch_4.tar	54495232	198568	2726501888	2863552
1243	2010	AF-0000000211262386	shard_796_batch_4.tar	171426816	195233	2308330496	2676926
1244	1283	AF-0000000211262394	shard_770_batch_4.tar	74327040	173142	2004524032	2259287
1244	1484	AF-0000000211262396	shard_742_batch_4.tar	53031936	156360	1303740416	1850822
1244	2662	AF-0000000211262402	shard_826_batch_4.tar	19744768	223638	554257408	3659751
1244	3084	AF-0000000211262404	shard_690_batch_4.tar	87088640	132096	986918912	1294085
1244	3200	AF-0000000211262405	shard_599_batch_0.tar	38552576	99787	884801536	684617
1244	3251	AF-0000000211262407	shard_714_batch_4.tar	132838912	144712	1774883840	1552583
1245	1339	AF-0000000211262412	shard_772_batch_4.tar	103272960	173977	448758784	2278985
1245	1597	AF-0000000211262416	shard_609_batch_0.tar	23922688	104906	401794048	764367
1245	2661	AF-0000000211262425	shard_651_batch_0.tar	43641344	118268	691346432	1001840
1245	3350	AF-0000000211262434	shard_505_batch_0.tar	41719808	66222	129816064	274341
1246	1362	AF-0000000211262440	shard_657_batch_0.tar	118787072	120181	403300864	1056343
1246	3164	AF-0000000211262451	shard_780_batch_4.tar	100438016	180174	2461157376	2430364
1247	2444	AF-0000000211262463	shard_874_batch_3.tar	61387776	328411	2526465024	7801180
1247	2563	AF-0000000211262464	shard_732_batch_4.tar	68627456	153398	1944430080	1650625
1247	2657	AF-0000000211262465	shard_860_batch_4.tar	123670016	274483	582882304	5582228
1247	3059	AF-0000000211262466	shard_854_batch_4.tar	47659520	264764	2269894656	5211683
1248	1705	AF-0000000211262502	shard_511_batch_0.tar	15118848	69546	280774656	315230
1248	1816	AF-0000000211262508	shard_1105_batch_0.tar	9470464	79335	173609472	403920
1248	1944	AF-0000000211262514	shard_625_batch_0.tar	100823040	109200	777357824	820042
1248	2082	AF-0000000211262519	shard_706_batch_4.tar	19342336	143864	1608029696	1473256
1248	2770	AF-0000000211262545	shard_718_batch_4.tar	49090048	148554	706185728	1523110
1248	2961	AF-0000000211262556	shard_780_batch_4.tar	17894400	183015	2590516224	2354922
1248	3414	AF-0000000211262574	shard_792_batch_4.tar	86882304	191976	1621821440	2739043
1248	3432	AF-0000000211262576	shard_541_batch_0.tar	62686720	82669	428024832	437859
1251	2493	AF-0000000211262608	shard_788_batch_4.tar	5861376	185636	674982400	2532371
1251	2612	AF-0000000211262610	shard_647_batch_0.tar	19604480	118343	1042444288	972038
1251	2693	AF-0000000211262611	shard_772_batch_4.tar	58589696	175967	1151152640	2261971
1252	1601	AF-0000000211262616	shard_576_batch_4.tar	17836032	93327	276421632	609634
1252	1685	AF-0000000211262617	shard_523_batch_0.tar	5648896	74917	196516864	381254
1252	1931	AF-0000000211262620	shard_501_batch_0.tar	49142272	65706	264253440	277024
1253	2541	AF-0000000211262630	shard_788_batch_4.tar	107417600	185673	1413958144	2676989
1257	2584	AF-0000000211262680	shard_515_batch_0.tar	8869376	72162	235869184	305968
1258	1782	AF-0000000211262685	shard_784_batch_4.tar	1112064	185836	925223936	2476897
1261	1416	AF-0000000211262713	shard_579_batch_0.tar	27177472	91999	677074944	599373
1261	1417	AF-0000000211262714	shard_579_batch_0.tar	7733760	92035	225116672	603369
1261	1615	AF-0000000211262723	shard_627_batch_0.tar	30984704	105844	696728064	815183
1261	1859	AF-0000000211262729	shard_685_batch_0.tar	106830336	127935	1003558400	1259036
1261	2354	AF-0000000211262746	shard_531_batch_0.tar	34481152	74985	544119808	396235
1261	3089	AF-0000000211262754	shard_679_batch_0.tar	64018944	126723	422532608	1214911
1261	3096	AF-0000000211262755	shard_840_batch_4.tar	218324992	226034	3761072128	3871100
1262	1440	AF-0000000211262782	shard_730_batch_4.tar	124522496	152638	831180288	1728997
1262	1516	AF-0000000211262787	shard_691_batch_0.tar	58950656	134585	362932736	1328577
1262	1653	AF-0000000211262796	shard_800_batch_4.tar	70614016	197869	1073205760	2837615
1262	1873	AF-0000000211262800	shard_796_batch_4.tar	155224064	190735	1178145280	2834390
1262	1935	AF-0000000211262805	shard_814_batch_4.tar	47061504	212641	3365454848	3277986
1262	1936	AF-0000000211262806	shard_746_batch_4.tar	146353664	161545	2065688576	1944048
1262	2121	AF-0000000211262818	shard_708_batch_4.tar	102002176	141316	1673366528	1502680
1262	2185	AF-0000000211262823	shard_732_batch_4.tar	79040000	154863	1264821248	1744540
1262	2404	AF-0000000211262829	shard_705_batch_0.tar	34153472	140938	1495034368	1467952
1262	2493	AF-0000000211262836	shard_820_batch_4.tar	31897600	213521	2253248000	3253484
1262	2693	AF-0000000211262850	shard_808_batch_4.tar	176244736	203652	1003341312	2963622
1262	3234	AF-0000000211262872	shard_782_batch_4.tar	138880000	184341	1597613568	2561191
1262	3589	AF-0000000211262890	shard_870_batch_3.tar	25799168	301295	2911471616	6681554
1263	1739	AF-0000000211262906	shard_459_batch_1.tar	15604224	37100	75506688	71447
1263	2128	AF-0000000211262911	shard_766_batch_4.tar	86532096	169484	1407527424	2113611
1263	2292	AF-0000000211262912	shard_730_batch_4.tar	87415808	153382	333248000	1743355
1264	1823	AF-0000000211262939	shard_578_batch_4.tar	75219456	90390	688819712	644203
1264	1998	AF-0000000211262940	shard_621_batch_0.tar	29729280	104901	340015616	824490
1264	2299	AF-0000000211262941	shard_581_batch_0.tar	190976	91094	448283136	629505
1264	2576	AF-0000000211262943	shard_589_batch_0.tar	52159488	95217	598802944	650380
1264	3322	AF-0000000211262948	shard_607_batch_0.tar	63415808	99956	751992832	731620
1265	2329	AF-0000000211262993	shard_858_batch_3.tar	263027200	270412	1869842432	5499947
1265	2576	AF-0000000211262998	shard_808_batch_4.tar	151949312	206748	767433216	3214189
1265	2598	AF-0000000211263000	shard_850_batch_3.tar	251941888	258137	2246868480	4919573
1265	3124	AF-0000000211263011	shard_858_batch_3.tar	67043840	271419	5722156544	5534566
1265	3432	AF-0000000211263017	shard_788_batch_4.tar	160899584	190442	1581910016	2640229
1265	3704	AF-0000000211263028	shard_870_batch_3.tar	60106240	306580	714487808	6939654
1266	2762	AF-0000000211263044	shard_675_batch_0.tar	56975872	128061	389872640	1207640
1268	3244	AF-0000000211263070	shard_686_batch_4.tar	15689728	127640	491550720	1150986
1270	2754	AF-0000000211263144	shard_748_batch_4.tar	54745600	158070	342076416	1793098
1270	3150	AF-0000000211263161	shard_479_batch_0.tar	23659520	54583	134748160	179199
1271	3669	AF-0000000211263283	shard_683_batch_0.tar	53844992	132626	1269763584	1247057
1273	1513	AF-0000000211263314	shard_585_batch_0.tar	41850368	94123	336839680	625204
1273	1796	AF-0000000211263340	shard_493_batch_0.tar	13041152	62607	225730560	249142
1273	2988	AF-0000000211263411	shard_515_batch_0.tar	23095808	70893	251456512	342936
1273	3004	AF-0000000211263414	shard_491_batch_0.tar	9463296	62114	270574592	239016
1273	3506	AF-0000000211263453	shard_605_batch_0.tar	85562368	101996	748126208	730662
1274	1300	AF-0000000211263470	shard_854_batch_3.tar	100343808	264593	2078306304	5091771
1274	2476	AF-0000000211263511	shard_828_batch_3.tar	34888704	226328	1523761152	3803346
1274	2480	AF-0000000211263512	shard_862_batch_3.tar	123601920	279346	2002214400	5779926
1274	3436	AF-0000000211263542	shard_842_batch_3.tar	76558848	245318	2399065088	4367967
1274	3502	AF-0000000211263545	shard_804_batch_4.tar	194284032	205314	2799295488	3069766
1279	1858	AF-0000000211263588	shard_663_batch_0.tar	46250496	125527	776290304	1067999
1279	3002	AF-0000000211263634	shard_645_batch_0.tar	114793472	116214	1147463168	990678
1281	2291	AF-0000000211263736	shard_780_batch_4.tar	65531904	178276	1864044032	2474901
1282	2048	AF-0000000211263763	shard_653_batch_0.tar	35906048	118909	415909376	1036358
1282	2725	AF-0000000211263765	shard_792_batch_4.tar	16275456	188896	1598158848	2667921
1282	2764	AF-0000000211263766	shard_675_batch_0.tar	55715840	126604	1311428096	1195328
1282	3104	AF-0000000211263767	shard_806_batch_4.tar	145337856	199882	1781743104	2962012
1283	1460	AF-0000000211263768	shard_732_batch_4.tar	138705920	151825	1474534400	1739583
1283	1484	AF-0000000211263769	shard_788_batch_4.tar	117447680	185390	1683935232	2662674
1283	1936	AF-0000000211263771	shard_724_batch_4.tar	129194496	148438	1874230784	1638862
1283	3251	AF-0000000211263776	shard_770_batch_4.tar	128453120	174030	1485112320	2280475
1285	1689	AF-0000000211263787	shard_736_batch_4.tar	118647808	155001	1009054208	1740168
1285	3042	AF-0000000211263791	shard_557_batch_0.tar	76826112	85007	304268800	506110
1288	2464	AF-0000000211263865	shard_673_batch_0.tar	58275840	128170	1251740160	1141717
1289	1567	AF-0000000211263935	shard_762_batch_4.tar	116787712	168411	1437628928	2016831
1289	1730	AF-0000000211263938	shard_768_batch_4.tar	62524928	172987	1757048832	2215946
1289	1734	AF-0000000211263939	shard_762_batch_4.tar	139564032	169796	1335279616	2111671
1289	2660	AF-0000000211263956	shard_577_batch_0.tar	21879296	92029	322535424	575114
1289	3057	AF-0000000211263961	shard_784_batch_4.tar	119146496	186617	745956864	2516926
1289	3277	AF-0000000211263964	shard_856_batch_3.tar	169868800	267373	3374638080	5376113
1289	3496	AF-0000000211263971	shard_605_batch_0.tar	63173120	101390	511168000	721952
1289	3606	AF-0000000211263973	shard_814_batch_3.tar	57139712	207342	2541182464	3189261
1289	3648	AF-0000000211263975	shard_792_batch_4.tar	80191488	190299	697295872	2604910
1292	2027	AF-0000000211264036	shard_597_batch_0.tar	49608704	100662	480132608	714359
1292	2383	AF-0000000211264044	shard_597_batch_0.tar	31734272	100399	567798272	706714
1293	1654	AF-0000000211264066	shard_718_batch_4.tar	113720320	147134	895556608	1567814
1293	2825	AF-0000000211264077	shard_692_batch_4.tar	46030848	134715	1165998592	1337829
1293	3052	AF-0000000211264078	shard_702_batch_4.tar	62125568	138425	1283526656	1426778
1294	1815	AF-0000000211264086	shard_643_batch_0.tar	40146432	115187	685277184	954081
1296	1315	AF-0000000211264136	shard_822_batch_4.tar	125208576	217085	2016376320	3640712
1297	1677	AF-0000000211264147	shard_473_batch_0.tar	34971648	50617	128485376	148827
1297	1946	AF-0000000211264148	shard_461_batch_0.tar	24346624	40537	115601408	84963
1297	2843	AF-0000000211264153	shard_461_batch_0.tar	11410944	40607	127681536	85304
1298	2098	AF-0000000211264174	shard_519_batch_0.tar	68431872	72553	306675200	354173
1298	2151	AF-0000000211264177	shard_547_batch_0.tar	6650880	81268	391526912	475198
1298	2543	AF-0000000211264184	shard_613_batch_0.tar	45225472	104581	959136768	768639
1298	3437	AF-0000000211264207	shard_679_batch_0.tar	96116224	130224	838954496	1202017
1299	2106	AF-0000000211264221	shard_535_batch_0.tar	30942720	78750	432429056	431796
1299	2470	AF-0000000211264224	shard_543_batch_0.tar	33674240	82842	532121088	462944
1299	2699	AF-0000000211264225	shard_535_batch_0.tar	56079872	78601	410476544	439248
1299	2809	AF-0000000211264226	shard_553_batch_0.tar	83234816	85504	334233088	509903
1301	2340	AF-0000000211264284	shard_724_batch_4.tar	93555712	148733	1556578816	1602885
1301	3558	AF-0000000211264289	shard_730_batch_4.tar	13443072	149931	1225544704	1658927
1302	1477	AF-0000000211264291	shard_764_batch_4.tar	1532416	174017	1013692928	2009415
1302	2340	AF-0000000211264307	shard_738_batch_4.tar	94844928	155337	1632073216	1826356
1303	1806	AF-0000000211264372	shard_523_batch_0.tar	50423808	71401	288183296	362331
1303	2082	AF-0000000211264388	shard_700_batch_4.tar	75870208	138659	1506427392	1342161
1303	2395	AF-0000000211264405	shard_766_batch_4.tar	146169856	171877	926475264	2168871
1303	3345	AF-0000000211264441	shard_575_batch_0.tar	28137472	90009	194435072	585348
1304	3011	AF-0000000211264461	shard_760_batch_4.tar	88591360	167605	2056267264	2159598
1306	2508	AF-0000000211264526	shard_629_batch_0.tar	51827712	105555	613286912	897659
1309	1571	AF-0000000211264586	shard_585_batch_0.tar	63234560	95982	450876928	609830
1310	1862	AF-0000000211264614	shard_870_batch_3.tar	223095296	303765	633120256	7451284
1310	2059	AF-0000000211264617	shard_868_batch_3.tar	119962112	295266	5332534784	6819164
1310	3038	AF-0000000211264625	shard_860_batch_3.tar	134524928	274721	1588379136	6047260
1312	2641	AF-0000000211264635	shard_567_batch_0.tar	70827008	87906	360120320	538016
1313	2317	AF-0000000211264706	shard_501_batch_0.tar	58569216	64159	271729152	278875
1313	2411	AF-0000000211264717	shard_495_batch_0.tar	53521920	60646	272797696	249300
1313	2916	AF-0000000211264736	shard_495_batch_0.tar	33437184	61331	288839168	252305
1313	3368	AF-0000000211264760	shard_465_batch_0.tar	37737984	44815	195962368	119975
1313	3449	AF-0000000211264764	shard_535_batch_0.tar	72082432	79012	164884480	415998
1315	1603	AF-0000000211264789	shard_708_batch_4.tar	104288768	141094	938123776	1459784
1317	1772	AF-0000000211264862	shard_828_batch_4.tar	151536128	224555	575780352	3754816
1317	3567	AF-0000000211264948	shard_706_batch_4.tar	124972544	144280	1680841728	1471014
1318	1377	AF-0000000211264961	shard_619_batch_0.tar	28021248	108068	840994816	823564
1318	1438	AF-0000000211264964	shard_826_batch_4.tar	83813376	221274	2679410176	3587499
1318	2181	AF-0000000211264977	shard_824_batch_4.tar	6218240	223116	3782733312	3611215
1318	2345	AF-0000000211264978	shard_681_batch_0.tar	1836032	129360	960106496	1213525
1318	2598	AF-0000000211264982	shard_788_batch_4.tar	97786880	188354	738547712	2625912
1318	2762	AF-0000000211264985	shard_688_batch_4.tar	102747648	135554	885755392	1301380
1319	1359	AF-0000000211265013	shard_704_batch_4.tar	34404352	140124	1644102656	1418201
1319	2519	AF-0000000211265051	shard_670_batch_4.tar	65023488	127234	709065216	1145137
1320	1925	AF-0000000211265118	shard_667_batch_0.tar	53255680	121381	810369536	1100683
1323	1567	AF-0000000211265183	shard_794_batch_4.tar	112461312	192104	1016334336	2489005
1323	1703	AF-0000000211265185	shard_826_batch_4.tar	143345152	222969	3121394688	3585600
1323	1993	AF-0000000211265193	shard_864_batch_4.tar	144934400	283243	4891877888	6150492
1323	3056	AF-0000000211265208	shard_734_batch_4.tar	140278784	155236	1399463424	1768970
1323	3423	AF-0000000211265216	shard_788_batch_4.tar	110066688	187499	655029760	2575386
1325	2092	AF-0000000211265228	shard_840_batch_4.tar	159677952	240473	3395985408	4104760
1325	3616	AF-0000000211265235	shard_874_batch_3.tar	93867008	331206	2954086912	8038679
1326	3239	AF-0000000211265239	shard_766_batch_4.tar	133586432	173107	967452672	2237629
1326	3537	AF-0000000211265241	shard_683_batch_0.tar	83398656	132171	1382035968	1253869
1331	1581	AF-0000000211265302	shard_558_batch_4.tar	82695680	85964	245554176	516134
1331	1755	AF-0000000211265311	shard_746_batch_4.tar	44192256	159311	1643560960	1922426
1331	1890	AF-0000000211265313	shard_611_batch_0.tar	73809920	101269	762209280	748051
1332	2640	AF-0000000211265332	shard_862_batch_4.tar	248197120	273934	4550773760	5729193
1333	1813	AF-0000000211265338	shard_864_batch_3.tar	108436992	283424	2076332544	6018257
1336	1501	AF-0000000211265372	shard_575_batch_0.tar	749568	90260	273163264	592568
1336	3492	AF-0000000211265374	shard_537_batch_0.tar	44326400	76595	489288192	416248
1336	3493	AF-0000000211265375	shard_537_batch_0.tar	3293184	76499	158179328	417247
1337	2612	AF-0000000211265376	shard_605_batch_0.tar	87942656	101221	363688448	754612
1338	2358	AF-0000000211265378	shard_738_batch_4.tar	92503040	153640	1713055744	1767734
1339	1401	AF-0000000211265381	shard_782_batch_4.tar	36898304	183502	1794078720	2541532
1339	1597	AF-0000000211265386	shard_774_batch_4.tar	141772288	178329	1997099008	2303465
1339	2636	AF-0000000211265401	shard_764_batch_4.tar	149970944	168991	943561216	2173054
1339	2661	AF-0000000211265402	shard_794_batch_4.tar	120411136	191587	2109019136	2825050
1339	2788	AF-0000000211265407	shard_856_batch_3.tar	258929664	260081	4109995520	5169164
1339	3067	AF-0000000211265412	shard_790_batch_4.tar	21546496	188452	1835175936	2605310
1339	3408	AF-0000000211265413	shard_864_batch_3.tar	216767488	282794	2058146816	5966820
1340	1453	AF-0000000211265417	shard_724_batch_4.tar	26523136	153120	1729372160	1513039
1340	1601	AF-0000000211265418	shard_754_batch_4.tar	54614528	168561	1593186816	2010943
1341	3558	AF-0000000211265434	shard_748_batch_4.tar	104815104	159625	2155001344	1873873
1347	2640	AF-0000000211265474	shard_752_batch_4.tar	83121152	160044	1904752640	1951301
1348	1584	AF-0000000211265497	shard_503_batch_0.tar	59971584	66494	262154240	294963
1348	1594	AF-0000000211265499	shard_503_batch_0.tar	44026880	66829	215389696	293461
1348	1705	AF-0000000211265507	shard_471_batch_0.tar	16999936	47983	222916096	139390
1348	1863	AF-0000000211265515	shard_666_batch_4.tar	27967488	128628	1291274752	1060922
1348	1945	AF-0000000211265523	shard_475_batch_0.tar	29715968	52193	171823616	165858
1348	2773	AF-0000000211265552	shard_475_batch_0.tar	28816896	51536	112852480	162334
1348	3001	AF-0000000211265564	shard_483_batch_0.tar	45387776	57174	197959680	198562
1348	3006	AF-0000000211265566	shard_475_batch_0.tar	47506944	52245	141569024	166084
1348	3449	AF-0000000211265585	shard_549_batch_0.tar	14358528	84726	368232960	462598
1349	1584	AF-0000000211265618	shard_503_batch_0.tar	26656256	66729	334664192	293608
1349	1594	AF-0000000211265620	shard_503_batch_0.tar	25314304	66876	394249728	294201
1349	1705	AF-0000000211265628	shard_1101_batch_0.tar	40720384	48087	175155200	138399
1349	1863	AF-0000000211265636	shard_667_batch_0.tar	76057600	128797	600970240	1059413
1349	1944	AF-0000000211265643	shard_563_batch_0.tar	36799488	87735	458551296	519442
1349	1945	AF-0000000211265644	shard_475_batch_0.tar	36755968	52284	109683712	164828
1349	2773	AF-0000000211265673	shard_1101_batch_0.tar	38460928	51635	106825728	164895
1349	3001	AF-0000000211265685	shard_483_batch_0.tar	39054336	57055	245371392	199248
1349	3006	AF-0000000211265687	shard_475_batch_0.tar	38972928	52273	178068480	165199
1349	3050	AF-0000000211265690	shard_599_batch_0.tar	6067200	103660	494897664	706907
1349	3449	AF-0000000211265706	shard_549_batch_0.tar	19875840	84890	499783168	462243
1350	2355	AF-0000000211265718	shard_834_batch_4.tar	191664128	231151	3729950208	3809797
1350	3539	AF-0000000211265719	shard_874_batch_3.tar	134950912	341498	8482753024	8026976
1351	1879	AF-0000000211265725	shard_740_batch_4.tar	153757184	159607	368739328	1886081
1351	2551	AF-0000000211265729	shard_730_batch_4.tar	24743424	152579	307973120	1735974
1353	2183	AF-0000000211265770	shard_868_batch_3.tar	146629632	299078	6204701184	6309452
1353	2459	AF-0000000211265775	shard_866_batch_3.tar	236965376	295462	2368368128	6059556
1353	2980	AF-0000000211265794	shard_878_batch_2.tar	166785024	399068	2653207552	11984274
1354	1842	AF-0000000211265857	shard_527_batch_0.tar	13712384	75570	240046080	379443
1354	3001	AF-0000000211265910	shard_497_batch_0.tar	47953408	63451	322443776	269409
1355	3006	AF-0000000211266042	shard_503_batch_0.tar	5381120	65866	392546816	283488
1356	1601	AF-0000000211266114	shard_537_batch_0.tar	63889408	79393	503845376	432380
1356	1705	AF-0000000211266124	shard_477_batch_0.tar	17614848	52447	273240576	176539
1356	1803	AF-0000000211266131	shard_563_batch_0.tar	62478336	89797	437410816	536367
1356	2254	AF-0000000211266173	shard_501_batch_0.tar	11451392	66627	215931392	283631
1356	2538	AF-0000000211266196	shard_605_batch_0.tar	27765248	102098	775067136	769849
1356	2578	AF-0000000211266199	shard_531_batch_0.tar	52231168	78474	148679168	414616
1356	2632	AF-0000000211266205	shard_481_batch_0.tar	51028480	55372	166382592	183521
1356	2916	AF-0000000211266226	shard_1103_batch_0.tar	44484608	71411	255583232	343269
1356	3048	AF-0000000211266240	shard_537_batch_0.tar	4971008	78136	277710336	411258
1356	3292	AF-0000000211266266	shard_485_batch_0.tar	10892288	57120	226781696	201913
1356	3337	AF-0000000211266272	shard_609_batch_0.tar	89990656	103314	662207488	753817
1356	3345	AF-0000000211266274	shard_535_batch_0.tar	63318016	77620	283645952	408413
1356	3427	AF-0000000211266282	shard_461_batch_1.tar	22179328	41327	104957440	98330
1356	3690	AF-0000000211266308	shard_557_batch_0.tar	29185536	84357	408250368	486059
1357	1367	AF-0000000211266311	shard_669_batch_0.tar	30815744	125320	824416256	1156644
1357	2551	AF-0000000211266319	shard_748_batch_4.tar	120842240	161021	732071936	1966201
1357	3424	AF-0000000211266323	shard_706_batch_4.tar	129920512	140597	1208584704	1499506
1358	2604	AF-0000000211266330	shard_760_batch_4.tar	58765824	168250	396164096	2079772
1359	1603	AF-0000000211266345	shard_553_batch_0.tar	31783424	84265	642898432	486700
1359	3001	AF-0000000211266410	shard_527_batch_0.tar	53468160	74719	219456512	373353
1361	3436	AF-0000000211266503	shard_818_batch_4.tar	75552256	213481	1630872576	3387478
1362	1366	AF-0000000211266515	shard_692_batch_4.tar	111839232	134524	584400384	1299344
1362	1449	AF-0000000211266516	shard_664_batch_4.tar	50563584	123911	591806464	1136178
1362	3512	AF-0000000211266525	shard_681_batch_0.tar	114228736	129453	603228160	1183155
1363	1817	AF-0000000211266531	shard_537_batch_0.tar	67265536	78501	185273856	432949
1363	2612	AF-0000000211266537	shard_531_batch_0.tar	72349696	76502	365958144	394646
1363	3554	AF-0000000211266540	shard_533_batch_0.tar	52262912	76723	383400448	396612
1364	3080	AF-0000000211266558	shard_832_batch_4.tar	12080128	231216	1299869184	4143552
1366	2126	AF-0000000211266570	shard_716_batch_4.tar	39298048	144931	1457681920	1514633
1366	3164	AF-0000000211266577	shard_800_batch_4.tar	72399872	194455	2388664320	2816635
1366	3651	AF-0000000211266585	shard_838_batch_4.tar	157050368	236244	2199774208	4071464
1367	1368	AF-0000000211266586	shard_505_batch_0.tar	5266944	65181	381142528	301743
1368	1879	AF-0000000211266603	shard_623_batch_0.tar	49197568	108291	418273280	867878
1369	1864	AF-0000000211266618	shard_607_batch_0.tar	35240960	102821	668600832	757223
1369	1962	AF-0000000211266619	shard_547_batch_0.tar	56995328	81262	424098304	463212
1370	1585	AF-0000000211266633	shard_505_batch_0.tar	66318336	66826	394418176	285511
1370	2897	AF-0000000211266642	shard_463_batch_0.tar	4755456	42106	112833024	104601
1370	3601	AF-0000000211266651	shard_469_batch_0.tar	8882688	46895	144462336	132070
1371	2340	AF-0000000211266655	shard_728_batch_4.tar	13044736	148429	1754243584	1662769
1371	3558	AF-0000000211266659	shard_734_batch_4.tar	40431616	149862	1243228672	1722265
1372	1496	AF-0000000211266678	shard_688_batch_4.tar	34510848	132063	733782528	1259911
1372	1543	AF-0000000211266688	shard_477_batch_0.tar	25882624	52723	126488064	179312
1372	1612	AF-0000000211266706	shard_816_batch_4.tar	88353280	215085	2809337856	3380770
1372	1670	AF-0000000211266714	shard_822_batch_4.tar	113095168	218054	3082924032	3572655
1372	1855	AF-0000000211266741	shard_840_batch_4.tar	128710144	241589	4098935296	4244903
1372	2102	AF-0000000211266774	shard_467_batch_0.tar	26240000	45323	147068416	133180
1372	2185	AF-0000000211266786	shard_505_batch_0.tar	11402752	67585	239830528	295293
1372	2474	AF-0000000211266810	shard_479_batch_0.tar	8563200	53783	171237376	192718
1372	2553	AF-0000000211266813	shard_848_batch_4.tar	43644928	252185	1268218368	4690244
1372	2557	AF-0000000211266814	shard_575_batch_0.tar	69709824	91147	207944192	604271
1372	2869	AF-0000000211266849	shard_471_batch_0.tar	8956416	47391	117449728	144396
1372	2872	AF-0000000211266850	shard_537_batch_0.tar	26028544	78737	324941312	414557
1372	3174	AF-0000000211266885	shard_782_batch_4.tar	186880	180833	1177809920	2341487
1372	3227	AF-0000000211266890	shard_714_batch_4.tar	107175936	144183	888078336	1558083
1372	3276	AF-0000000211266893	shard_607_batch_0.tar	54675968	102423	212846080	738830
1372	3309	AF-0000000211266898	shard_613_batch_0.tar	94282752	105772	318882304	768499
1372	3469	AF-0000000211266917	shard_804_batch_4.tar	30893568	197704	1092347392	2978951
1372	3621	AF-0000000211266932	shard_493_batch_0.tar	53166080	61274	201752064	241080
1373	1856	AF-0000000211266947	shard_768_batch_4.tar	105517568	172583	702052864	2123693
1373	2207	AF-0000000211266949	shard_691_batch_0.tar	78861312	134061	1007441408	1286799
1373	2289	AF-0000000211266951	shard_816_batch_4.tar	139553280	207819	860476928	3215238
1373	2371	AF-0000000211266952	shard_734_batch_4.tar	54949376	154973	363642880	1685421
1374	2292	AF-0000000211267021	shard_848_batch_4.tar	102950912	252706	2561982976	4774040
1374	2571	AF-0000000211267030	shard_728_batch_4.tar	74449408	151297	672908800	1740803
1374	2916	AF-0000000211267049	shard_750_batch_4.tar	76740608	164448	2052351488	2037700
1375	2497	AF-0000000211267108	shard_676_batch_4.tar	68343808	130049	311727616	1141355
1375	3036	AF-0000000211267114	shard_776_batch_4.tar	125354496	179087	2222883840	2353660
1375	3234	AF-0000000211267117	shard_660_batch_4.tar	18715136	122742	678382592	1098844
1375	3454	AF-0000000211267122	shard_655_batch_0.tar	110361600	120170	1117184000	984221
1376	2185	AF-0000000211267225	shard_568_batch_4.tar	83074048	89372	535674368	522645
1376	2354	AF-0000000211267236	shard_533_batch_0.tar	40834560	75532	176630272	390988
1376	2404	AF-0000000211267238	shard_531_batch_0.tar	3912192	75339	206911488	385145
1376	2454	AF-0000000211267241	shard_633_batch_0.tar	80054784	108405	224059392	871201
1376	2756	AF-0000000211267262	shard_614_batch_4.tar	44513280	101926	932118016	754956
1376	2788	AF-0000000211267269	shard_794_batch_4.tar	161048064	184791	850345472	2654674
1376	3126	AF-0000000211267306	shard_688_batch_4.tar	70402048	129268	706274304	1266394
1376	3206	AF-0000000211267310	shard_519_batch_0.tar	16318464	70526	246102528	340562
1376	3560	AF-0000000211267341	shard_676_batch_4.tar	1925632	127416	1166988288	1194213
1376	3664	AF-0000000211267354	shard_576_batch_4.tar	20172800	89810	695860736	587954
1377	1739	AF-0000000211267376	shard_1101_batch_0.tar	1911296	38886	158806016	85254
1377	3578	AF-0000000211267462	shard_465_batch_0.tar	7605248	44467	107636736	118397
1377	3633	AF-0000000211267467	shard_465_batch_0.tar	19038208	44067	128141312	113084
1378	1488	AF-0000000211267469	shard_844_batch_3.tar	215289856	247467	766960128	4343157
1385	2306	AF-0000000211267500	shard_583_batch_0.tar	91331584	94759	747256320	637899
1385	2984	AF-0000000211267502	shard_766_batch_4.tar	72037376	168203	728678400	2206252
1386	1586	AF-0000000211267505	shard_549_batch_0.tar	23692288	84381	399387648	452891
1386	2992	AF-0000000211267512	shard_461_batch_1.tar	36788736	39726	84260352	88036
1389	2565	AF-0000000211267563	shard_551_batch_0.tar	24508928	83739	199883776	480076
1390	2160	AF-0000000211267574	shard_531_batch_0.tar	56520704	76145	180252160	387999
1390	3327	AF-0000000211267575	shard_591_batch_0.tar	94885376	96589	340119040	671459
1391	3655	AF-0000000211267582	shard_742_batch_4.tar	37924352	156583	2117125632	1766161
1393	1707	AF-0000000211267616	shard_682_batch_4.tar	75711488	133769	1236805632	1252821
1393	2354	AF-0000000211267634	shard_616_batch_4.tar	64546304	107656	708945920	796379
1393	2371	AF-0000000211267635	shard_802_batch_3.tar	88651264	201276	1538994176	2889961
1393	3292	AF-0000000211267659	shard_624_batch_4.tar	68387840	110493	934872064	832047
1393	3427	AF-0000000211267665	shard_578_batch_4.tar	66852864	94294	383292928	585334
1393	3690	AF-0000000211267670	shard_700_batch_4.tar	5664256	137110	1530969600	1363322
1396	1694	AF-0000000211267709	shard_629_batch_0.tar	17124864	111329	229578240	891475
1396	1939	AF-0000000211267714	shard_702_batch_4.tar	42928128	141031	481184256	1322105
1397	1462	AF-0000000211267741	shard_742_batch_4.tar	110647808	156522	498808832	1915342
1397	2648	AF-0000000211267745	shard_730_batch_4.tar	84370944	148403	1677664256	1590151
1398	1441	AF-0000000211267757	shard_738_batch_4.tar	13620736	154870	1232271872	1834354
1398	1851	AF-0000000211267792	shard_738_batch_4.tar	131462144	153836	1873670144	1834599
1398	2632	AF-0000000211267844	shard_748_batch_4.tar	131548672	163328	2074895360	2008975
1398	2944	AF-0000000211267861	shard_736_batch_4.tar	84232704	152685	1762507264	1800159
1398	3608	AF-0000000211267899	shard_736_batch_4.tar	94198784	152968	1659873792	1811897
1399	1858	AF-0000000211267909	shard_599_batch_0.tar	22334976	101856	360001024	649610
1401	2661	AF-0000000211267917	shard_670_batch_4.tar	10947584	127063	326783488	1135320
1401	2788	AF-0000000211267918	shard_804_batch_4.tar	138547200	196147	2457089536	2900645
1403	2981	AF-0000000211267927	shard_1103_batch_0.tar	30291968	72029	234953728	322821
1404	1999	AF-0000000211267936	shard_788_batch_4.tar	132397568	187955	1745181696	2710802
1405	2145	AF-0000000211267951	shard_503_batch_0.tar	54724096	64542	136143872	269057
1405	2784	AF-0000000211267953	shard_844_batch_3.tar	112758784	242044	1835881984	4562115
1405	3635	AF-0000000211267954	shard_505_batch_0.tar	25626112	67369	247454720	260702
1407	1809	AF-0000000211267968	shard_570_batch_4.tar	47281152	89911	489481216	569724
1407	2404	AF-0000000211267969	shard_568_batch_4.tar	34731008	89508	237450240	568527
1407	2625	AF-0000000211267971	shard_604_batch_4.tar	74673152	101389	465958400	744079
1407	2641	AF-0000000211267972	shard_642_batch_4.tar	99398144	113870	862472704	925740
1407	2736	AF-0000000211267973	shard_580_batch_4.tar	44270080	92699	501899776	602084
1407	2777	AF-0000000211267974	shard_572_batch_4.tar	59766272	90345	236588032	582946
1407	3621	AF-0000000211267980	shard_593_batch_0.tar	67363840	97388	543608320	660535
1409	1410	AF-0000000211268007	shard_461_batch_1.tar	9268736	39939	124167168	98406
1409	1705	AF-0000000211268031	shard_467_batch_0.tar	27315712	44619	190279680	124716
1409	1931	AF-0000000211268046	shard_465_batch_0.tar	12198912	44558	183843840	119050
1409	2863	AF-0000000211268089	shard_565_batch_0.tar	82263552	89250	584800768	557804
1409	3337	AF-0000000211268115	shard_591_batch_0.tar	83739136	96127	214789120	665267
1409	3426	AF-0000000211268119	shard_459_batch_1.tar	3514880	34116	75726336	65984
1409	3427	AF-0000000211268120	shard_459_batch_1.tar	2017792	34204	98408960	66012
1410	1513	AF-0000000211268140	shard_571_batch_0.tar	50792960	88557	514243072	555925
1410	1628	AF-0000000211268155	shard_485_batch_0.tar	58880	56311	159960064	209017
1410	1705	AF-0000000211268159	shard_1101_batch_0.tar	13239808	43580	95552000	120021
1410	1931	AF-0000000211268174	shard_463_batch_0.tar	18081280	43497	140222464	109714
1410	2773	AF-0000000211268213	shard_471_batch_0.tar	18240512	47261	159470080	138074
1410	3337	AF-0000000211268243	shard_587_batch_0.tar	82791936	94797	334440448	643881
1410	3350	AF-0000000211268245	shard_459_batch_1.tar	1486336	34941	76964352	67684
1410	3368	AF-0000000211268246	shard_467_batch_0.tar	24153088	46369	99138560	130718
1410	3426	AF-0000000211268247	shard_457_batch_2.tar	14480384	32979	71271936	59116
1410	3427	AF-0000000211268248	shard_457_batch_2.tar	26308608	32964	85491712	59207
1411	1786	AF-0000000211268268	shard_846_batch_4.tar	28304384	243704	4328038400	4462118
1411	1857	AF-0000000211268272	shard_850_batch_3.tar	19595776	250313	4239847936	4698219
1412	2150	AF-0000000211268299	shard_844_batch_3.tar	32477184	241643	4309110272	4593217
1412	3053	AF-0000000211268305	shard_576_batch_4.tar	44701696	91995	349761024	630187
1413	3003	AF-0000000211268313	shard_762_batch_4.tar	62944768	167809	1410472448	1981117
1415	1438	AF-0000000211268335	shard_810_batch_4.tar	68225024	205750	714098176	3063446
1415	2220	AF-0000000211268353	shard_736_batch_4.tar	42216960	154160	596310528	1696165
1415	2884	AF-0000000211268370	shard_752_batch_4.tar	45968384	164380	1642785280	1930469
1416	1523	AF-0000000211268406	shard_714_batch_4.tar	113572864	146580	597936640	1539000
1416	1534	AF-0000000211268408	shard_653_batch_0.tar	102269440	119584	844649472	985513
1416	1584	AF-0000000211268413	shard_557_batch_0.tar	17810432	87525	192826368	522841
1416	2246	AF-0000000211268458	shard_627_batch_0.tar	78505984	111108	352835072	886389
1416	2763	AF-0000000211268482	shard_523_batch_0.tar	23965184	74810	466485760	363843
1416	2916	AF-0000000211268491	shard_561_batch_0.tar	13287936	88410	273922048	529202
1416	3155	AF-0000000211268511	shard_659_batch_0.tar	42121728	121946	505976832	1045373
1416	3220	AF-0000000211268513	shard_613_batch_0.tar	99674112	106529	950753280	805870
1416	3292	AF-0000000211268519	shard_521_batch_0.tar	72442880	73781	418894336	358573
1416	3486	AF-0000000211268532	shard_649_batch_0.tar	36841472	119963	683824128	1026428
1416	3506	AF-0000000211268534	shard_657_batch_0.tar	70411264	121143	637910528	1035894
1417	1523	AF-0000000211268555	shard_716_batch_4.tar	72606720	146344	1232668160	1540317
1417	2328	AF-0000000211268612	shard_531_batch_0.tar	51683328	78128	318291456	392078
1417	2632	AF-0000000211268628	shard_515_batch_0.tar	56627200	72122	435084800	330467
1417	2763	AF-0000000211268631	shard_523_batch_0.tar	1126400	74973	210753536	364825
1417	3155	AF-0000000211268660	shard_659_batch_0.tar	25862656	122249	775747072	1044485
1417	3220	AF-0000000211268662	shard_613_batch_0.tar	30985728	106387	804662272	806617
1417	3506	AF-0000000211268683	shard_657_batch_0.tar	73085952	121157	856458752	1036254
1420	2160	AF-0000000211268707	shard_525_batch_0.tar	41367552	75019	378065920	373617
1420	2647	AF-0000000211268709	shard_569_batch_0.tar	38001664	89782	309518848	562603
1423	3423	AF-0000000211268743	shard_804_batch_4.tar	174706688	201526	2825028608	2995035
1423	3496	AF-0000000211268746	shard_700_batch_4.tar	86663168	139063	457743872	1407005
1424	1980	AF-0000000211268757	shard_517_batch_0.tar	46800896	70628	192134656	344752
1427	2604	AF-0000000211268784	shard_688_batch_4.tar	88493056	132853	1121915904	1294254
1428	1474	AF-0000000211268791	shard_788_batch_4.tar	44365824	184099	2403942912	2543068
1428	2615	AF-0000000211268814	shard_661_batch_0.tar	39665664	121277	328761344	1074584
1432	2176	AF-0000000211268899	shard_591_batch_0.tar	49345024	97534	363391488	677479
1432	2203	AF-0000000211268900	shard_768_batch_4.tar	166244352	174318	1645803520	2255758
1432	2726	AF-0000000211268925	shard_846_batch_4.tar	172009472	252042	1056596992	4830444
1432	3050	AF-0000000211268944	shard_708_batch_4.tar	141629952	144669	493096448	1481531
1434	1964	AF-0000000211268996	shard_676_batch_4.tar	111077376	128153	1134412800	1148032
1435	2071	AF-0000000211269014	shard_828_batch_4.tar	83255808	225081	2082360832	3892288
1435	2704	AF-0000000211269024	shard_872_batch_3.tar	98425344	324012	1951268352	7874125
1435	3072	AF-0000000211269036	shard_844_batch_3.tar	172081152	242199	3558659584	4671864
1437	2624	AF-0000000211269071	shard_700_batch_4.tar	28779520	137829	1037405184	1479273
1438	1451	AF-0000000211269082	shard_780_batch_4.tar	92582400	181939	1556513792	2362544
1438	2914	AF-0000000211269107	shard_866_batch_3.tar	29780992	288129	3022633984	5842701
1438	3094	AF-0000000211269114	shard_852_batch_3.tar	66901504	255974	4016010240	4727592
1438	3402	AF-0000000211269117	shard_850_batch_3.tar	227210240	252185	2803706368	4574728
1439	2926	AF-0000000211269136	shard_768_batch_4.tar	21791744	176440	1091294720	2327919
1441	1851	AF-0000000211269187	shard_463_batch_0.tar	8276992	38166	183851008	104476
1441	2944	AF-0000000211269221	shard_463_batch_0.tar	30860288	36989	97970688	98642
1441	3608	AF-0000000211269243	shard_463_batch_0.tar	30737408	37374	173722624	98553
1443	2157	AF-0000000211269256	shard_529_batch_0.tar	75349504	76702	149449728	393931
1446	1534	AF-0000000211269266	shard_575_batch_0.tar	77065216	91366	580836864	559077
1446	1599	AF-0000000211269274	shard_459_batch_1.tar	21535744	37061	124550144	76668
1446	1643	AF-0000000211269280	shard_509_batch_0.tar	39623680	69590	336850944	312793
1446	1931	AF-0000000211269298	shard_461_batch_1.tar	20869120	40696	160143360	90761
1446	3320	AF-0000000211269364	shard_471_batch_0.tar	37986816	49821	143856640	151899
1446	3427	AF-0000000211269370	shard_457_batch_2.tar	31397376	29960	105659904	45807
1446	3449	AF-0000000211269371	shard_531_batch_0.tar	17593856	77625	421939712	389799
1449	1750	AF-0000000211269504	shard_619_batch_0.tar	43751424	107585	567267840	823854
1449	2767	AF-0000000211269511	shard_655_batch_0.tar	80089088	119953	408760320	1057896
1453	1704	AF-0000000211269570	shard_493_batch_0.tar	45219328	62468	309293056	250973
1453	3116	AF-0000000211269580	shard_615_batch_0.tar	69395456	107498	692923392	792335
1453	3117	AF-0000000211269581	shard_639_batch_0.tar	25369088	115805	672670720	913036
1457	2201	AF-0000000211269638	shard_870_batch_3.tar	57951744	308958	3528435712	7035398
1457	2634	AF-0000000211269640	shard_748_batch_4.tar	129117184	164476	1591722496	1925302
1458	1880	AF-0000000211269653	shard_778_batch_4.tar	45296128	180612	1869720576	2393067
1460	3055	AF-0000000211269737	shard_798_batch_4.tar	151356928	193109	1431919616	2858084
1460	3350	AF-0000000211269743	shard_505_batch_0.tar	55964160	66491	238372352	297174
1460	3622	AF-0000000211269751	shard_766_batch_4.tar	131858432	168057	479633920	2144115
1460	3675	AF-0000000211269752	shard_689_batch_0.tar	82062336	135057	1001125888	1302308
1463	2318	AF-0000000211269811	shard_597_batch_0.tar	6832640	97845	576864256	694740
1464	1939	AF-0000000211269827	shard_668_batch_4.tar	122556928	127760	350261760	1092373
1465	2541	AF-0000000211269853	shard_770_batch_4.tar	26997760	173035	2070980096	2282469
1465	3315	AF-0000000211269857	shard_828_batch_4.tar	139973632	220336	3086142976	3776850
1467	2617	AF-0000000211269884	shard_812_batch_4.tar	172081152	199135	1972243456	2963404
1467	2866	AF-0000000211269890	shard_852_batch_4.tar	217731584	250965	1206239232	4619211
1469	1692	AF-0000000211269926	shard_599_batch_0.tar	28634112	103972	821843456	685101
1469	2139	AF-0000000211269944	shard_521_batch_0.tar	36879360	75850	305241088	368548
1469	3131	AF-0000000211269998	shard_499_batch_0.tar	54163968	65177	136717312	267408
1469	3596	AF-0000000211270019	shard_515_batch_0.tar	61449728	74709	347973632	337066
1471	1513	AF-0000000211270039	shard_690_batch_4.tar	88025088	132421	1472557056	1306895
1471	2354	AF-0000000211270063	shard_567_batch_0.tar	56431616	90548	350372864	555775
1471	2872	AF-0000000211270072	shard_642_batch_4.tar	89433088	115377	1138630144	906407
1474	2666	AF-0000000211270129	shard_838_batch_4.tar	212576768	234178	2808801280	4192318
1474	3124	AF-0000000211270134	shard_832_batch_4.tar	25955328	226810	2082814464	3872667
1477	1567	AF-0000000211270167	shard_816_batch_3.tar	144406016	214021	3081954816	2928696
1477	2459	AF-0000000211270182	shard_818_batch_3.tar	203789824	217683	891485184	3366822
1477	2540	AF-0000000211270185	shard_798_batch_4.tar	13625856	198108	1019551232	2562947
1477	3053	AF-0000000211270196	shard_726_batch_4.tar	29745152	152741	1766615040	1556008
1477	3079	AF-0000000211270199	shard_834_batch_3.tar	22262272	234592	2397120512	3870867
1477	3297	AF-0000000211270203	shard_790_batch_4.tar	24778240	191347	2494821888	2379286
1477	3688	AF-0000000211270212	shard_786_batch_4.tar	169609216	188785	1766422528	2421572
1478	2257	AF-0000000211270219	shard_652_batch_4.tar	59892736	119000	308921344	1001138
1478	2647	AF-0000000211270221	shard_597_batch_0.tar	18961408	98063	319253504	677830
1479	1821	AF-0000000211270230	shard_511_batch_0.tar	27608576	69099	195783168	326731
1479	2462	AF-0000000211270239	shard_479_batch_0.tar	6571520	54266	124176384	186071
1479	2463	AF-0000000211270240	shard_521_batch_0.tar	22459904	72842	364361216	352359
1479	2745	AF-0000000211270244	shard_529_batch_0.tar	73428480	75973	493894144	383915
1484	3251	AF-0000000211270319	shard_740_batch_4.tar	150305280	156909	488621056	1797767
1486	2340	AF-0000000211270327	shard_822_batch_4.tar	209958400	220640	475721728	3514340
1486	3558	AF-0000000211270331	shard_824_batch_4.tar	151077376	222117	1150125056	3600354
1488	1807	AF-0000000211270341	shard_854_batch_3.tar	87504896	257752	4066886656	4796094
1488	2152	AF-0000000211270352	shard_850_batch_3.tar	219326976	252901	4922620928	4555913
1488	2256	AF-0000000211270353	shard_844_batch_3.tar	988672	245900	1090769408	4240333
1488	2375	AF-0000000211270355	shard_860_batch_3.tar	195417600	277428	4503515648	5233800
1488	2993	AF-0000000211270365	shard_868_batch_3.tar	261496320	294162	2812055040	6435230
1488	3683	AF-0000000211270378	shard_868_batch_3.tar	36743168	297687	3008294912	6026258
1489	3379	AF-0000000211270389	shard_708_batch_4.tar	90396672	137444	389691904	1443299
1490	1619	AF-0000000211270390	shard_782_batch_4.tar	3297280	179888	1388400128	2534549
1491	2340	AF-0000000211270395	shard_764_batch_4.tar	81779712	170373	1028501504	2178936
1491	3550	AF-0000000211270399	shard_693_batch_0.tar	127025152	134590	1492478976	1355905
1491	3558	AF-0000000211270400	shard_768_batch_4.tar	80643072	172246	2039862272	2210299
1492	1719	AF-0000000211270402	shard_786_batch_4.tar	152421888	185294	947808256	2581420
1493	3042	AF-0000000211270417	shard_609_batch_0.tar	13111296	102815	791129600	753180
1494	2346	AF-0000000211270437	shard_676_batch_4.tar	64336896	126428	881453568	1159476
1494	3383	AF-0000000211270449	shard_673_batch_0.tar	113739776	123235	570401792	1101410
1495	3094	AF-0000000211270462	shard_866_batch_4.tar	266430464	292960	3775382528	6359932
1496	2474	AF-0000000211270473	shard_690_batch_4.tar	119965184	132693	444789760	1253465
1496	3350	AF-0000000211270475	shard_661_batch_0.tar	69819392	121186	1054315008	1043677
1499	1575	AF-0000000211270532	shard_539_batch_0.tar	22086144	80711	558726144	432472
1500	1514	AF-0000000211270535	shard_784_batch_4.tar	30004224	182105	567956480	2376227
1500	2498	AF-0000000211270536	shard_864_batch_3.tar	62627840	285317	3798336000	5907663
1501	2965	AF-0000000211270546	shard_693_batch_0.tar	109338624	134645	1077655552	1363617
1501	3492	AF-0000000211270549	shard_603_batch_0.tar	88923648	99295	690897408	724147
1501	3493	AF-0000000211270550	shard_603_batch_0.tar	63636992	99266	538082816	725651
1503	1504	AF-0000000211270554	shard_732_batch_4.tar	51075072	148828	800898560	1620170
1505	2962	AF-0000000211270587	shard_814_batch_4.tar	138561536	214372	2585424896	3122569
1505	3551	AF-0000000211270601	shard_762_batch_4.tar	98765824	168442	891587584	2121354
1512	1570	AF-0000000211270673	shard_565_batch_0.tar	9270784	91701	204314112	555779
1512	2176	AF-0000000211270700	shard_501_batch_0.tar	58170880	66045	337295872	271930
1512	2954	AF-0000000211270730	shard_690_batch_4.tar	107505152	132922	1408352256	1316663
1513	1584	AF-0000000211270774	shard_637_batch_0.tar	81409536	112483	549371392	927454
1513	1601	AF-0000000211270779	shard_661_batch_0.tar	89885696	120731	780908544	1101430
1513	1704	AF-0000000211270784	shard_589_batch_0.tar	87222784	95321	267502080	663044
1513	1863	AF-0000000211270792	shard_766_batch_4.tar	121528832	174513	2375415296	2111666
1513	3320	AF-0000000211270857	shard_609_batch_0.tar	2527744	102675	435588608	773561
1513	3368	AF-0000000211270859	shard_591_batch_0.tar	54456832	96338	805321728	673964
1513	3506	AF-0000000211270863	shard_722_batch_4.tar	101406208	145781	1347141120	1618829
1514	1553	AF-0000000211270872	shard_541_batch_0.tar	19297280	79738	345650176	451130
1514	1654	AF-0000000211270874	shard_569_batch_0.tar	22096896	92339	533126144	572454
1514	1892	AF-0000000211270876	shard_559_batch_0.tar	6693888	86147	181569536	525371
1514	2131	AF-0000000211270886	shard_1105_batch_0.tar	31096832	76341	217430016	410661
1514	2318	AF-0000000211270887	shard_541_batch_0.tar	31696384	80330	526057472	455327
1514	2825	AF-0000000211270890	shard_537_batch_0.tar	58924032	79191	189121024	433104
1514	3214	AF-0000000211270894	shard_533_batch_0.tar	10790400	77837	495140352	414970
1514	3552	AF-0000000211270895	shard_533_batch_0.tar	74450944	78061	214922752	418721
1515	2154	AF-0000000211270910	shard_578_batch_4.tar	73517568	93699	490521600	631781
1515	2352	AF-0000000211270915	shard_541_batch_0.tar	69219328	80898	429324288	458559
1515	2645	AF-0000000211270923	shard_633_batch_0.tar	98581504	110728	916891648	910855
1516	2073	AF-0000000211270965	shard_479_batch_0.tar	9063936	55456	224083968	178227
1516	2150	AF-0000000211270967	shard_808_batch_4.tar	160169984	202549	3213231616	3180941
1516	2625	AF-0000000211270983	shard_487_batch_0.tar	46695936	58599	167965696	212544
1516	2662	AF-0000000211270988	shard_764_batch_4.tar	12498944	171067	1875123200	2194040
1516	2736	AF-0000000211270991	shard_473_batch_0.tar	43507712	50169	114875904	146641
1516	2768	AF-0000000211270992	shard_702_batch_4.tar	86250496	141144	1438307328	1421801
1516	3067	AF-0000000211271003	shard_553_batch_0.tar	344064	85379	163864576	480029
1516	3274	AF-0000000211271014	shard_764_batch_4.tar	141023744	174858	1152067072	2252844
1522	1689	AF-0000000211271163	shard_732_batch_4.tar	116844544	153807	1420222464	1727744
1522	2462	AF-0000000211271172	shard_475_batch_0.tar	41709056	51313	145221632	167524
1522	3464	AF-0000000211271174	shard_609_batch_0.tar	104017408	104838	745672704	783126
1523	2246	AF-0000000211271204	shard_758_batch_4.tar	32609280	169598	1617346560	2162567
1523	3220	AF-0000000211271235	shard_750_batch_4.tar	134207488	164374	1673687552	2013209
1523	3577	AF-0000000211271245	shard_676_batch_4.tar	7933952	129754	1315692544	1182048
1525	1600	AF-0000000211271263	shard_487_batch_0.tar	27708928	60066	203331584	219091
1525	1804	AF-0000000211271275	shard_673_batch_0.tar	95143936	129672	939669504	1144623
1525	1842	AF-0000000211271277	shard_503_batch_0.tar	50270720	66215	250248192	287158
1525	1927	AF-0000000211271284	shard_459_batch_1.tar	5579776	36997	84443648	76052
1525	2254	AF-0000000211271300	shard_487_batch_0.tar	17604096	58739	229410816	223473
1525	2255	AF-0000000211271301	shard_491_batch_0.tar	27764736	60608	269872128	239905
1525	2560	AF-0000000211271317	shard_659_batch_0.tar	40645632	122466	1191477760	1057738
1525	3604	AF-0000000211271362	shard_483_batch_0.tar	30820864	57477	218703360	194745
1525	3634	AF-0000000211271365	shard_754_batch_4.tar	98278400	165576	1169407488	1876534
1527	2503	AF-0000000211271388	shard_465_batch_0.tar	35074048	40857	139544576	109297
1527	3605	AF-0000000211271405	shard_491_batch_0.tar	44121088	56353	292733952	236005
1528	3084	AF-0000000211271433	shard_702_batch_4.tar	77047296	138879	386802176	1414242
1528	3619	AF-0000000211271440	shard_748_batch_4.tar	138156544	162879	2067109888	1952540
1530	2631	AF-0000000211271449	shard_796_batch_4.tar	8605696	192587	2297294848	2768469
1530	3479	AF-0000000211271456	shard_780_batch_4.tar	123785216	181665	1833042432	2484754
1530	3530	AF-0000000211271458	shard_828_batch_4.tar	101411328	229542	2550273024	3912514
1531	1535	AF-0000000211271460	shard_519_batch_0.tar	62408192	71358	396708352	311065
1533	2397	AF-0000000211271519	shard_653_batch_0.tar	95802880	120186	632965632	1020286
1534	1685	AF-0000000211271595	shard_623_batch_0.tar	28963328	108544	786257920	813254
1534	1863	AF-0000000211271600	shard_772_batch_4.tar	85612032	180570	2249115648	2212706
1534	1927	AF-0000000211271603	shard_573_batch_0.tar	30769664	91501	495770112	557777
1534	2328	AF-0000000211271613	shard_623_batch_0.tar	41875456	108800	454535168	819891
1534	3292	AF-0000000211271635	shard_613_batch_0.tar	55264256	104656	294297088	765010
1538	3038	AF-0000000211271660	shard_868_batch_3.tar	144847872	298547	3575450624	7066867
1539	3014	AF-0000000211271673	shard_780_batch_4.tar	29378048	183921	1300088832	2363246
1539	3507	AF-0000000211271678	shard_774_batch_4.tar	23125504	178859	2578733056	2186766
1539	3530	AF-0000000211271679	shard_790_batch_4.tar	1729024	191732	2052619776	2606948
1541	2499	AF-0000000211271709	shard_810_batch_4.tar	63440384	205750	2557771776	3027352
1542	1584	AF-0000000211271732	shard_527_batch_0.tar	66427392	76961	298158592	400853
1542	1594	AF-0000000211271734	shard_527_batch_0.tar	28621312	76926	482054656	400456
1542	1944	AF-0000000211271762	shard_593_batch_0.tar	13116416	98383	440793088	670698
1542	2895	AF-0000000211271817	shard_601_batch_0.tar	7974400	103262	610825216	705129
1542	3449	AF-0000000211271856	shard_579_batch_0.tar	63791616	95029	456728064	604588
1542	3667	AF-0000000211271872	shard_585_batch_0.tar	5996032	96900	426179072	623447
1543	1584	AF-0000000211271879	shard_1103_batch_0.tar	6769664	68875	250624000	322458
1543	1594	AF-0000000211271881	shard_509_batch_0.tar	5720576	68899	255321088	322456
1543	1628	AF-0000000211271891	shard_497_batch_0.tar	18436608	62599	197990400	262200
1543	2474	AF-0000000211271958	shard_477_batch_0.tar	39622656	52937	140458496	179286
1543	3056	AF-0000000211272002	shard_545_batch_0.tar	67154944	82445	388192768	468777
1543	3646	AF-0000000211272055	shard_521_batch_0.tar	63968768	70864	181514240	362571
1543	3675	AF-0000000211272059	shard_621_batch_0.tar	31463936	109469	419385344	825622
1544	2497	AF-0000000211272076	shard_673_batch_0.tar	30134272	128906	327918080	1132309
1544	3454	AF-0000000211272084	shard_651_batch_0.tar	39944192	118902	608519680	950452
1545	1708	AF-0000000211272093	shard_776_batch_4.tar	134143488	174156	1747958272	2449639
1546	1978	AF-0000000211272106	shard_866_batch_3.tar	286163456	290118	4340857856	6263786
1547	1883	AF-0000000211272122	shard_790_batch_4.tar	81765888	186255	711703040	2655711
1547	2076	AF-0000000211272123	shard_852_batch_3.tar	32855552	250626	1664490496	4950364
1549	3049	AF-0000000211272173	shard_856_batch_3.tar	89556480	260509	2830091264	4923744
1551	1987	AF-0000000211272188	shard_583_batch_0.tar	33502720	93616	315342336	617797
1553	3247	AF-0000000211272201	shard_698_batch_4.tar	101851136	136942	398397952	1353466
1554	1809	AF-0000000211272204	shard_485_batch_0.tar	37233152	57236	133747200	200039
1554	2404	AF-0000000211272205	shard_485_batch_0.tar	35946496	57027	117916672	201344
1554	2625	AF-0000000211272207	shard_511_batch_0.tar	45037056	68713	389651456	316246
1554	2641	AF-0000000211272208	shard_547_batch_0.tar	29003776	81330	511490048	456806
1554	2736	AF-0000000211272209	shard_491_batch_0.tar	4736000	59834	254950912	238833
1554	2777	AF-0000000211272210	shard_1103_batch_0.tar	43379712	57916	292001280	215407
1554	3621	AF-0000000211272216	shard_501_batch_0.tar	6587904	64959	299362816	279566
1555	1693	AF-0000000211272219	shard_878_batch_2.tar	99871744	422941	5658989568	12255450
1555	1872	AF-0000000211272220	shard_878_batch_2.tar	26466816	419094	1497373696	12662669
1555	2134	AF-0000000211272222	shard_878_batch_2.tar	191654400	412338	5769682432	11855894
1555	2640	AF-0000000211272226	shard_870_batch_3.tar	108596736	310522	4303643136	6664778
1555	2912	AF-0000000211272227	shard_876_batch_3.tar	86575104	366628	2561345024	9165474
1556	2294	AF-0000000211272236	shard_804_batch_4.tar	5247488	205238	2242068480	3155712
1557	1815	AF-0000000211272248	shard_808_batch_4.tar	20363264	202158	2633289728	2928020
1559	1955	AF-0000000211272255	shard_679_batch_0.tar	1297920	127605	1107589120	1048459
1559	2851	AF-0000000211272257	shard_704_batch_4.tar	1664512	138798	663166976	1431770
1559	2892	AF-0000000211272258	shard_671_batch_0.tar	49546240	123773	964578304	989362
1561	3234	AF-0000000211272280	shard_798_batch_4.tar	100679680	195726	1951873024	2886367
1562	1826	AF-0000000211272294	shard_644_batch_4.tar	112969216	119328	828392448	979808
1563	1628	AF-0000000211272389	shard_509_batch_0.tar	18788352	68434	314596864	312202
1563	1694	AF-0000000211272394	shard_501_batch_0.tar	22601728	65902	335630336	283615
1563	1865	AF-0000000211272411	shard_479_batch_0.tar	33297920	53760	156224000	183969
1563	2773	AF-0000000211272475	shard_489_batch_0.tar	7607296	59076	266651648	227803
1563	2780	AF-0000000211272476	shard_509_batch_0.tar	39276032	69478	362749440	311566
1563	3368	AF-0000000211272527	shard_485_batch_0.tar	47763968	58568	162452480	217760
1563	3596	AF-0000000211272543	shard_519_batch_0.tar	10648576	76149	274851328	364468
1563	3686	AF-0000000211272555	shard_676_batch_4.tar	89773568	130810	1114198528	1201626
1564	2345	AF-0000000211272570	shard_651_batch_0.tar	117883392	117672	448256512	1004800
1566	1567	AF-0000000211272618	shard_776_batch_4.tar	95051264	176332	1812757504	2195918
1566	2182	AF-0000000211272629	shard_870_batch_3.tar	218810368	303120	4755306496	6380125
1566	2974	AF-0000000211272642	shard_768_batch_4.tar	53805056	172872	2196028416	2252955
1566	3036	AF-0000000211272644	shard_816_batch_4.tar	155827200	209837	2706536960	3308350
1566	3242	AF-0000000211272650	shard_710_batch_4.tar	7312384	140586	506260480	1499708
1567	1651	AF-0000000211272662	shard_671_batch_0.tar	60665344	123895	827698688	1035964
1567	2459	AF-0000000211272675	shard_792_batch_4.tar	149481472	190191	1860205056	2348593
1567	2540	AF-0000000211272678	shard_766_batch_4.tar	29728768	169828	1482962432	1913251
1567	2672	AF-0000000211272680	shard_828_batch_4.tar	189120000	221779	721000960	3669692
1567	2926	AF-0000000211272684	shard_786_batch_4.tar	105825792	186545	404136960	2416212
1567	3057	AF-0000000211272691	shard_806_batch_4.tar	13459456	204456	2417579520	2954323
1567	3442	AF-0000000211272697	shard_651_batch_0.tar	26335232	118261	645239296	917712
1570	1692	AF-0000000211272721	shard_678_batch_4.tar	50091008	132410	605672448	1187070
1570	1879	AF-0000000211272730	shard_674_batch_4.tar	1524224	130523	831638528	1208378
1570	2028	AF-0000000211272735	shard_547_batch_0.tar	42192384	85782	303680000	487425
1570	2334	AF-0000000211272750	shard_594_batch_4.tar	22040576	101372	533528576	702384
1570	2863	AF-0000000211272776	shard_666_batch_4.tar	31960576	127502	353107968	1135778
1570	3004	AF-0000000211272785	shard_572_batch_4.tar	85780480	95872	547730944	605548
1570	3265	AF-0000000211272795	shard_601_batch_0.tar	93638656	105218	422638592	736288
1570	3484	AF-0000000211272808	shard_676_batch_4.tar	34207744	129536	745193984	1228963
1570	3571	AF-0000000211272814	shard_574_batch_4.tar	86369280	96465	191982592	615366
1571	3464	AF-0000000211272838	shard_611_batch_0.tar	91937280	105294	256925696	790160
1577	2981	AF-0000000211272880	shard_495_batch_0.tar	34771968	65408	260052992	250073
1578	1600	AF-0000000211272887	shard_495_batch_0.tar	15069696	64526	315950080	249957
1578	1804	AF-0000000211272899	shard_680_batch_4.tar	60994048	133718	977804800	1225675
1578	2460	AF-0000000211272939	shard_515_batch_0.tar	69732864	73368	171887616	332438
1578	2667	AF-0000000211272945	shard_467_batch_0.tar	15727104	45473	169290752	123828
1578	2916	AF-0000000211272955	shard_509_batch_0.tar	350720	68827	301922304	312778
1578	3604	AF-0000000211272987	shard_489_batch_0.tar	21884416	61623	303131648	225660
1579	1900	AF-0000000211272995	shard_485_batch_0.tar	7556096	57598	209063936	201663
1579	2400	AF-0000000211272997	shard_489_batch_0.tar	7547904	58445	237855744	195534
1580	2410	AF-0000000211273005	shard_754_batch_4.tar	23514112	161987	665545216	1951379
1580	2625	AF-0000000211273008	shard_595_batch_0.tar	19922432	97952	406282752	653320
1581	2565	AF-0000000211273029	shard_568_batch_4.tar	59515904	89531	624491520	558112
1583	2294	AF-0000000211273043	shard_742_batch_4.tar	69413888	158478	1511129600	1920954
1584	1594	AF-0000000211273056	shard_553_batch_0.tar	47771136	85355	214925312	525201
1584	1595	AF-0000000211273057	shard_784_batch_4.tar	124706304	185242	1270648320	2527471
1584	1704	AF-0000000211273069	shard_509_batch_0.tar	10336768	69382	201171968	325216
1584	1936	AF-0000000211273088	shard_564_batch_4.tar	27901952	90166	414392832	574599
1584	2110	AF-0000000211273097	shard_610_batch_4.tar	24486912	107535	856259584	780260
1584	2244	AF-0000000211273102	shard_551_batch_0.tar	30248960	85091	480265216	499349
1584	2328	AF-0000000211273108	shard_527_batch_0.tar	7578624	77057	477893120	401947
1584	2339	AF-0000000211273109	shard_724_batch_4.tar	87392768	150169	476512256	1600818
1584	2591	AF-0000000211273119	shard_624_batch_4.tar	16694272	109849	254320128	823267
1584	2863	AF-0000000211273130	shard_627_batch_0.tar	50272768	111696	760123392	882847
1584	2916	AF-0000000211273135	shard_558_batch_4.tar	83137536	87160	636168192	526898
1584	3155	AF-0000000211273159	shard_656_batch_4.tar	15837184	121317	496108032	1052058
1584	3309	AF-0000000211273169	shard_656_batch_4.tar	83603968	122640	386735616	1056623
1584	3691	AF-0000000211273197	shard_527_batch_0.tar	37179392	76627	316051968	398915
1585	3601	AF-0000000211273219	shard_547_batch_0.tar	80004096	83240	350628864	461516
1586	1859	AF-0000000211273225	shard_728_batch_4.tar	7584256	150408	1924423168	1709712
1586	2186	AF-0000000211273227	shard_624_batch_4.tar	77026816	104964	730428416	815793
1586	3699	AF-0000000211273243	shard_704_batch_4.tar	63370752	138748	1190558208	1447519
1587	1986	AF-0000000211273249	shard_688_batch_4.tar	134144	132161	769204736	1243366
1587	2143	AF-0000000211273252	shard_539_batch_0.tar	44542464	78890	557005312	450787
1587	2493	AF-0000000211273255	shard_722_batch_4.tar	44531712	145163	576782336	1550308
1587	3233	AF-0000000211273262	shard_653_batch_0.tar	58846720	119171	424783360	1029500
1592	1600	AF-0000000211273306	shard_495_batch_0.tar	46513664	64333	138659328	252095
1592	2328	AF-0000000211273347	shard_485_batch_0.tar	588800	58520	189095936	212710
1592	2460	AF-0000000211273358	shard_515_batch_0.tar	11614208	73284	171554816	332138
1592	2667	AF-0000000211273364	shard_467_batch_0.tar	512	45378	93171200	124389
1592	2916	AF-0000000211273374	shard_509_batch_0.tar	46036480	68581	258685440	312979
1592	3604	AF-0000000211273406	shard_489_batch_0.tar	58792448	61509	150346240	230546
1592	3634	AF-0000000211273408	shard_760_batch_4.tar	43398144	170479	497284096	2014833
1593	2381	AF-0000000211273434	shard_679_batch_0.tar	21667840	132017	690504192	1238877
1594	1595	AF-0000000211273448	shard_784_batch_4.tar	141130752	185251	2520117760	2525778
1594	1600	AF-0000000211273450	shard_540_batch_4.tar	9010176	83453	314798592	463429
1594	1931	AF-0000000211273479	shard_503_batch_0.tar	62731264	67630	201670656	297273
1594	2339	AF-0000000211273501	shard_724_batch_4.tar	51790848	150101	1799851008	1604026
1594	2916	AF-0000000211273528	shard_558_batch_4.tar	36367360	87095	570809856	529257
1594	3004	AF-0000000211273537	shard_533_batch_0.tar	44846080	80471	178640384	427444
1594	3155	AF-0000000211273552	shard_656_batch_4.tar	103341568	121234	760037888	1059044
1594	3290	AF-0000000211273559	shard_612_batch_4.tar	14624768	104832	343714304	805066
1594	3309	AF-0000000211273562	shard_656_batch_4.tar	109041664	122457	1132157952	1042528
1594	3691	AF-0000000211273591	shard_527_batch_0.tar	12399104	76949	204505600	399210
1595	1804	AF-0000000211273599	shard_846_batch_4.tar	219899904	252497	896903680	4618979
1595	2432	AF-0000000211273622	shard_848_batch_4.tar	130942976	249564	1623805440	4537968
1595	3687	AF-0000000211273644	shard_868_batch_4.tar	186083840	305307	1089693184	6871855
1597	2626	AF-0000000211273677	shard_758_batch_4.tar	124938240	170033	1786570752	2008890
1597	2945	AF-0000000211273682	shard_796_batch_4.tar	189189120	191816	1693428736	2537554
1599	1600	AF-0000000211273689	shard_487_batch_0.tar	25921536	60158	179163136	217537
1599	1842	AF-0000000211273703	shard_503_batch_0.tar	26522112	66183	182002688	287172
1599	2055	AF-0000000211273716	shard_742_batch_4.tar	60817408	158508	1496559616	1905143
1599	2254	AF-0000000211273726	shard_487_batch_0.tar	28364800	58991	274333696	224630
1599	2255	AF-0000000211273727	shard_489_batch_0.tar	36520448	60577	229229056	240197
1599	2560	AF-0000000211273743	shard_659_batch_0.tar	105944576	122644	1240583168	1062652
1599	3278	AF-0000000211273773	shard_615_batch_0.tar	63314944	105772	269041664	749710
1600	1705	AF-0000000211273805	shard_497_batch_0.tar	36464640	64467	271388160	264865
1600	1889	AF-0000000211273816	shard_521_batch_0.tar	16868864	76036	168116736	365678
1600	1931	AF-0000000211273820	shard_493_batch_0.tar	24640000	64318	176550400	249256
1600	1944	AF-0000000211273821	shard_607_batch_0.tar	25563648	104164	738652160	734581
1600	2317	AF-0000000211273837	shard_553_batch_0.tar	42276352	86105	447389184	492257
1600	3001	AF-0000000211273871	shard_515_batch_0.tar	35489280	73427	289172480	348556
1600	3495	AF-0000000211273897	shard_529_batch_0.tar	10257408	78750	309722624	404799
1601	1931	AF-0000000211273936	shard_525_batch_0.tar	62374400	75684	252432384	390759
1601	1945	AF-0000000211273938	shard_539_batch_0.tar	49318400	80225	171364352	440754
1601	2101	AF-0000000211273947	shard_635_batch_0.tar	2611200	113459	746610688	921027
1601	2227	AF-0000000211273952	shard_778_batch_4.tar	31898112	178027	413749248	2338154
1601	2591	AF-0000000211273980	shard_649_batch_0.tar	58765312	118658	827718656	990800
1601	2961	AF-0000000211273996	shard_790_batch_4.tar	4771840	189636	1683316224	2633790
1601	3004	AF-0000000211274000	shard_559_batch_0.tar	9866752	88749	601069568	533265
1601	3006	AF-0000000211274001	shard_539_batch_0.tar	69191680	80247	176520192	440153
1601	3320	AF-0000000211274015	shard_553_batch_0.tar	61620224	85076	606168064	502479
1601	3449	AF-0000000211274029	shard_633_batch_0.tar	48821248	112928	437292544	899197
1602	2106	AF-0000000211274044	shard_521_batch_0.tar	33898496	73260	256245760	374718
1602	2470	AF-0000000211274047	shard_528_batch_4.tar	45726208	77379	419495424	411112
1602	2699	AF-0000000211274048	shard_521_batch_0.tar	7709696	73395	358283264	369579
1603	1927	AF-0000000211274062	shard_489_batch_0.tar	55892992	59092	169565184	220267
1603	2780	AF-0000000211274091	shard_541_batch_0.tar	64976384	81378	533118976	442009
1603	3001	AF-0000000211274105	shard_527_batch_0.tar	24429568	76329	194249216	376175
1603	3449	AF-0000000211274123	shard_607_batch_0.tar	101971968	104334	575573504	716907
1605	1967	AF-0000000211274133	shard_872_batch_3.tar	55567360	311763	5803447296	7291083
1605	2704	AF-0000000211274140	shard_844_batch_3.tar	197628416	243415	3013223936	4463536
1607	3042	AF-0000000211274185	shard_587_batch_0.tar	33397760	94076	597450240	643892
1610	2087	AF-0000000211274269	shard_868_batch_4.tar	57726464	303407	3956849152	6349497
1611	2798	AF-0000000211274305	shard_1101_batch_0.tar	23452160	40364	163591680	83362
1611	3046	AF-0000000211274307	shard_461_batch_1.tar	21604864	40329	166887424	83426
1611	3054	AF-0000000211274308	shard_615_batch_0.tar	28035584	104018	732686336	764656
1611	3655	AF-0000000211274309	shard_738_batch_4.tar	39804416	154316	1984486400	1706950
1612	2474	AF-0000000211274316	shard_816_batch_4.tar	57131520	216132	2861125120	3374832
1615	3577	AF-0000000211274385	shard_559_batch_0.tar	65247744	85853	278527488	511534
1617	2246	AF-0000000211274447	shard_574_batch_4.tar	16049152	92990	497593856	607775
1617	2529	AF-0000000211274467	shard_477_batch_0.tar	47468032	52853	107110912	169668
1617	2863	AF-0000000211274483	shard_578_batch_4.tar	19147776	94504	182853632	617728
1617	3654	AF-0000000211274530	shard_517_batch_0.tar	38065664	70732	257268736	349275
1618	1864	AF-0000000211274539	shard_770_batch_4.tar	142486016	173064	2318999040	2290806
1618	2059	AF-0000000211274540	shard_856_batch_3.tar	192784384	261620	4858447360	5181648
1618	2156	AF-0000000211274542	shard_752_batch_4.tar	30643200	162153	689417216	1949886
1621	3558	AF-0000000211274586	shard_744_batch_4.tar	102178816	157913	1606290944	1835956
1624	1932	AF-0000000211274615	shard_696_batch_4.tar	53911552	135885	440286720	1381590
1624	3247	AF-0000000211274629	shard_685_batch_0.tar	121242112	132449	285805056	1221982
1626	2084	AF-0000000211274656	shard_774_batch_4.tar	161176576	180247	1802267648	2406746
1626	2529	AF-0000000211274666	shard_633_batch_0.tar	91895808	111994	1075080192	888890
1626	3570	AF-0000000211274691	shard_671_batch_0.tar	72936960	127916	371998208	1161442
1628	1685	AF-0000000211274709	shard_515_batch_0.tar	63392768	70496	225571840	328224
1628	1889	AF-0000000211274722	shard_519_batch_0.tar	42720768	73214	174103552	346619
1628	1921	AF-0000000211274724	shard_593_batch_0.tar	90036224	98636	720450048	669938
1628	1988	AF-0000000211274729	shard_509_batch_0.tar	36075520	68523	430716928	311879
1628	2102	AF-0000000211274734	shard_485_batch_0.tar	31262208	55663	191188992	205294
1628	2394	AF-0000000211274750	shard_754_batch_4.tar	99759104	164775	928973312	2017804
1628	2667	AF-0000000211274763	shard_487_batch_0.tar	49018880	57885	183072768	219902
1628	3117	AF-0000000211274784	shard_645_batch_0.tar	11451392	116305	334931968	970313
1630	3596	AF-0000000211274930	shard_571_batch_0.tar	88834048	95107	666718208	598696
1632	1786	AF-0000000211274966	shard_580_batch_4.tar	37924864	93716	750576128	577793
1632	1925	AF-0000000211274974	shard_568_batch_4.tar	89793536	88618	426618880	558975
1632	1999	AF-0000000211274977	shard_788_batch_4.tar	167686144	188480	1545658368	2686389
1632	2127	AF-0000000211274981	shard_814_batch_3.tar	93476864	210572	1419639808	3294093
1632	3008	AF-0000000211275008	shard_670_batch_4.tar	91261440	126950	581701120	1076029
1632	3301	AF-0000000211275020	shard_796_batch_4.tar	76958208	194577	2439256576	2762742
1632	3635	AF-0000000211275025	shard_503_batch_0.tar	24093696	67392	242909696	264727
1633	1925	AF-0000000211275039	shard_569_batch_0.tar	73156096	88675	564581888	559411
1633	1999	AF-0000000211275042	shard_788_batch_4.tar	26268672	189175	1937644032	2692274
1633	2127	AF-0000000211275046	shard_814_batch_3.tar	18691584	210416	3531970560	3292337
1633	3008	AF-0000000211275073	shard_670_batch_4.tar	115112448	127327	350665728	1065263
1633	3301	AF-0000000211275085	shard_798_batch_4.tar	124543488	195389	3090310656	2746347
1634	2979	AF-0000000211275129	shard_862_batch_4.tar	73911296	279901	3817090560	5617351
1635	2787	AF-0000000211275147	shard_1101_batch_0.tar	17664512	51095	162199040	163714
1636	2541	AF-0000000211275155	shard_786_batch_4.tar	76441600	184435	2350704128	2520685
1640	1799	AF-0000000211275188	shard_523_batch_0.tar	9021440	72118	288889856	372715
1640	3003	AF-0000000211275211	shard_669_batch_0.tar	13455872	123083	916162560	1105025
1640	3648	AF-0000000211275219	shard_746_batch_4.tar	72616448	159247	1473782784	1791697
1641	3350	AF-0000000211275229	shard_565_batch_0.tar	24865792	89137	562284032	509168
1643	1804	AF-0000000211275239	shard_740_batch_4.tar	155503616	162113	1620680704	1814937
1643	1927	AF-0000000211275241	shard_509_batch_0.tar	12638208	69559	154621952	311370
1643	1931	AF-0000000211275242	shard_527_batch_0.tar	34660352	77435	461089792	385271
1643	2255	AF-0000000211275251	shard_570_batch_4.tar	34357248	93279	625622528	582784
1643	2916	AF-0000000211275264	shard_585_batch_0.tar	38383616	96831	265526272	641026
1646	1809	AF-0000000211275285	shard_635_batch_0.tar	75024896	112306	701471744	874700
1646	2404	AF-0000000211275286	shard_633_batch_0.tar	9324032	112107	261972480	869275
1646	2625	AF-0000000211275288	shard_666_batch_4.tar	47901184	123486	703350272	1083813
1646	2641	AF-0000000211275289	shard_698_batch_4.tar	113949184	136494	1598075904	1319775
1646	2736	AF-0000000211275290	shard_643_batch_0.tar	37022208	115034	1000350208	936531
1646	2777	AF-0000000211275291	shard_637_batch_0.tar	6862336	112546	300882944	898945
1648	2206	AF-0000000211275309	shard_646_batch_4.tar	54944768	117698	612880896	928190
1648	2345	AF-0000000211275313	shard_646_batch_4.tar	48969728	115406	290742784	951624
1648	3289	AF-0000000211275323	shard_644_batch_4.tar	79838208	117014	463150080	936889
1648	3545	AF-0000000211275328	shard_732_batch_4.tar	97934336	149893	1909027840	1652165
1648	3582	AF-0000000211275330	shard_826_batch_3.tar	169187840	219674	754317824	3450259
1651	1912	AF-0000000211275353	shard_562_batch_4.tar	64019456	87045	562712064	542001
1654	1892	AF-0000000211275371	shard_595_batch_0.tar	57456128	99837	605350400	687607
1654	1932	AF-0000000211275372	shard_730_batch_4.tar	97951744	152634	682664960	1678678
1654	2318	AF-0000000211275375	shard_573_batch_0.tar	20418560	93811	571824640	593997
1654	2825	AF-0000000211275379	shard_571_batch_0.tar	7261184	92967	715155968	577838
1654	3052	AF-0000000211275380	shard_583_batch_0.tar	91233792	97197	401633792	640174
1654	3214	AF-0000000211275381	shard_565_batch_0.tar	76421120	91727	448863232	559239
1656	3049	AF-0000000211275393	shard_850_batch_4.tar	232185344	254640	2153667584	4623932
1656	3667	AF-0000000211275395	shard_738_batch_4.tar	107262976	156181	1679644160	1719760
1657	3410	AF-0000000211275406	shard_768_batch_4.tar	54317568	172366	1011903488	2276174
1658	2143	AF-0000000211275411	shard_489_batch_0.tar	46868480	58669	160546304	204174
1659	2070	AF-0000000211275426	shard_738_batch_4.tar	152190976	156465	385897472	1761278
1660	1677	AF-0000000211275468	shard_473_batch_0.tar	45820928	51271	238081536	156650
1660	1946	AF-0000000211275470	shard_461_batch_0.tar	24015872	41115	99506688	88745
1660	2798	AF-0000000211275473	shard_465_batch_0.tar	27418112	44992	128608768	117355
1660	2843	AF-0000000211275474	shard_1101_batch_0.tar	43351552	41130	89221120	93911
1660	3655	AF-0000000211275477	shard_746_batch_4.tar	132027392	158803	2063869440	1818563
1661	1864	AF-0000000211275478	shard_692_batch_4.tar	51153408	136181	533979648	1317465
1665	2340	AF-0000000211275488	shard_772_batch_4.tar	29676544	173135	2534749696	2320634
1665	3558	AF-0000000211275492	shard_776_batch_4.tar	75105280	174388	534661120	2380597
1669	2480	AF-0000000211275553	shard_762_batch_4.tar	95877120	165558	941917184	2089758
1669	3136	AF-0000000211275557	shard_782_batch_4.tar	106920448	180614	389355008	2480174
1670	2474	AF-0000000211275566	shard_824_batch_4.tar	109297152	219014	1760072704	3607835
1670	2625	AF-0000000211275568	shard_834_batch_3.tar	144109568	230972	977989120	4071757
1670	3350	AF-0000000211275579	shard_812_batch_3.tar	42252288	207779	1152988160	3122066
1675	3558	AF-0000000211275670	shard_768_batch_4.tar	90566656	172877	499814400	2281644
1676	2345	AF-0000000211275685	shard_752_batch_4.tar	135455744	163784	1629580800	1919481
1677	1946	AF-0000000211275730	shard_467_batch_0.tar	41320960	45153	106976256	109621
1677	2798	AF-0000000211275734	shard_471_batch_0.tar	2048000	49404	100226048	143948
1677	2843	AF-0000000211275735	shard_467_batch_0.tar	14988288	45291	98769408	110848
1677	3046	AF-0000000211275737	shard_471_batch_0.tar	21671424	49562	175327744	145807
1681	2021	AF-0000000211275747	shard_806_batch_4.tar	56564736	201127	2985260032	2967729
1683	1864	AF-0000000211275761	shard_621_batch_0.tar	32780800	107148	600922112	828348
1683	2007	AF-0000000211275762	shard_844_batch_3.tar	85771776	241456	2763418112	4437894
1683	2704	AF-0000000211275771	shard_820_batch_3.tar	115977216	214692	1170489856	3510456
1683	3566	AF-0000000211275780	shard_646_batch_4.tar	28007936	116139	281342464	931520
1685	1777	AF-0000000211275790	shard_617_batch_0.tar	93301248	107360	382305792	817092
1685	2773	AF-0000000211275851	shard_495_batch_0.tar	52380160	61197	271539712	245096
1685	2988	AF-0000000211275862	shard_537_batch_0.tar	18711040	79237	225096192	436416
1685	3278	AF-0000000211275876	shard_651_batch_0.tar	32671232	118828	377436672	949658
1685	3279	AF-0000000211275877	shard_619_batch_0.tar	19395072	105893	217572864	805098
1685	3432	AF-0000000211275890	shard_511_batch_0.tar	422400	71018	304588288	326062
1685	3453	AF-0000000211275892	shard_611_batch_0.tar	34490368	105592	565850112	751660
1685	3620	AF-0000000211275897	shard_609_batch_0.tar	11441152	102081	699600896	758601
1685	3690	AF-0000000211275903	shard_573_batch_0.tar	73231360	89854	367223296	550546
1686	2143	AF-0000000211275909	shard_509_batch_0.tar	62632448	68386	379764224	286316
1686	2765	AF-0000000211275910	shard_487_batch_0.tar	16411136	59135	281065472	218263
1688	3450	AF-0000000211275919	shard_848_batch_4.tar	144108544	255081	4787454464	5023792
1689	2330	AF-0000000211275933	shard_740_batch_4.tar	23773184	157125	665366528	1802819
1689	2461	AF-0000000211275934	shard_724_batch_4.tar	53578240	150021	479660544	1659236
1689	2769	AF-0000000211275939	shard_850_batch_3.tar	132596736	255349	1760766976	4808392
1689	2922	AF-0000000211275943	shard_860_batch_3.tar	9859584	275460	5557414400	5600655
1689	3344	AF-0000000211275947	shard_736_batch_4.tar	71141376	155089	796153344	1768401
1689	3364	AF-0000000211275949	shard_734_batch_4.tar	144912384	156144	365328896	1761143
1692	2527	AF-0000000211276045	shard_613_batch_0.tar	85282816	108040	747779072	745921
1692	3131	AF-0000000211276081	shard_621_batch_0.tar	107328512	109926	235933696	806565
1692	3435	AF-0000000211276093	shard_738_batch_4.tar	101278720	159800	1306331648	1784293
1693	1872	AF-0000000211276109	shard_878_batch_2.tar	37041152	404960	7607108096	11935835
1693	2134	AF-0000000211276111	shard_878_batch_2.tar	199281664	399885	3547398656	11634207
1693	2640	AF-0000000211276114	shard_868_batch_3.tar	38253568	296429	1650988032	6085662
1693	2912	AF-0000000211276115	shard_876_batch_3.tar	335176192	351729	6250868736	8516854
1694	1988	AF-0000000211276131	shard_503_batch_0.tar	45702656	65885	317412352	284265
1694	2179	AF-0000000211276138	shard_814_batch_4.tar	32228352	207555	3183056896	3348006
1694	2308	AF-0000000211276141	shard_507_batch_0.tar	30724608	67249	241262592	300763
1694	2339	AF-0000000211276144	shard_708_batch_4.tar	130599936	141378	706394624	1421714
1694	2432	AF-0000000211276146	shard_710_batch_4.tar	77465600	142690	1043633152	1391384
1694	2632	AF-0000000211276154	shard_495_batch_0.tar	10298368	62369	334815232	238117
1694	3506	AF-0000000211276181	shard_633_batch_0.tar	39981568	111574	620249600	901343
1694	3704	AF-0000000211276190	shard_792_batch_4.tar	160183296	187509	2962297856	2583734
1698	1864	AF-0000000211276195	shard_760_batch_4.tar	19559424	167231	841412608	2055417
1698	2769	AF-0000000211276210	shard_848_batch_4.tar	226087936	250369	1112606208	4589165
1700	2979	AF-0000000211276242	shard_601_batch_0.tar	22839808	99681	314291712	702141
1701	2346	AF-0000000211276248	shard_497_batch_0.tar	21273088	61224	198756864	257952
1701	3383	AF-0000000211276256	shard_493_batch_0.tar	43841536	58606	263299584	239138
1703	1742	AF-0000000211276276	shard_704_batch_4.tar	106523648	140313	772750336	1443745
1703	2777	AF-0000000211276291	shard_728_batch_4.tar	59081728	150801	906913792	1699034
1703	3664	AF-0000000211276310	shard_754_batch_4.tar	98113024	164728	1726117376	2074046
1704	1931	AF-0000000211276331	shard_471_batch_0.tar	2749440	50720	223347200	154964
1704	2254	AF-0000000211276351	shard_497_batch_0.tar	33929216	64729	373931520	271661
1704	2255	AF-0000000211276352	shard_1103_batch_0.tar	63378432	66455	218244096	289912
1704	2762	AF-0000000211276386	shard_531_batch_0.tar	63339008	77883	426706432	394930
1704	3277	AF-0000000211276417	shard_818_batch_3.tar	134455296	216852	1824915456	3494989
1705	1889	AF-0000000211276466	shard_491_batch_0.tar	9027072	60707	188381184	228351
1705	1891	AF-0000000211276467	shard_1103_batch_0.tar	23567872	60615	214012928	226950
1705	1944	AF-0000000211276471	shard_569_batch_0.tar	26945536	88908	685876224	549215
1705	1988	AF-0000000211276474	shard_483_batch_0.tar	2743808	55676	204334592	199799
1705	2372	AF-0000000211276493	shard_585_batch_0.tar	677888	93481	636106752	627328
1705	2719	AF-0000000211276513	shard_738_batch_4.tar	152821248	156230	881340928	1841686
1705	3042	AF-0000000211276531	shard_537_batch_0.tar	39110144	76970	275575808	415761
1705	3116	AF-0000000211276533	shard_585_batch_0.tar	9846272	95563	631719936	638858
1705	3117	AF-0000000211276534	shard_609_batch_0.tar	48422400	103535	612661760	753867
1705	3577	AF-0000000211276561	shard_477_batch_0.tar	49298432	51969	201263104	162201
1705	3604	AF-0000000211276563	shard_491_batch_0.tar	6202368	61677	188610048	237375
1706	1762	AF-0000000211276573	shard_555_batch_0.tar	80836096	84072	372987392	504986
1707	1859	AF-0000000211276600	shard_689_batch_0.tar	78715392	133356	1014860800	1264572
1707	1992	AF-0000000211276615	shard_818_batch_4.tar	9495040	216844	1841627648	3404907
1707	2413	AF-0000000211276651	shard_677_batch_0.tar	89747456	130508	1135637504	1224611
1707	2943	AF-0000000211276705	shard_732_batch_4.tar	152118784	155645	321906688	1733317
1707	3309	AF-0000000211276747	shard_679_batch_0.tar	55832064	132420	363542528	1197798
1707	3320	AF-0000000211276750	shard_551_batch_0.tar	35128832	86408	547220992	486543
1707	3486	AF-0000000211276770	shard_671_batch_0.tar	47503872	127920	1234027008	1164105
1707	3567	AF-0000000211276775	shard_659_batch_0.tar	63161344	124486	1081744384	1089052
1707	3675	AF-0000000211276790	shard_689_batch_0.tar	18096128	137259	1439838208	1300830
1707	3684	AF-0000000211276791	shard_651_batch_0.tar	110650368	121915	832118784	1019229
1708	3277	AF-0000000211276805	shard_862_batch_3.tar	122769920	281206	4655982080	6157135
1709	1912	AF-0000000211276809	shard_634_batch_4.tar	58997248	111457	842708480	910741
1709	2649	AF-0000000211276819	shard_758_batch_4.tar	43014144	166895	613600768	2082973
1709	3265	AF-0000000211276827	shard_596_batch_4.tar	73188864	102190	630243840	703198
1710	1988	AF-0000000211276842	shard_609_batch_0.tar	23089664	105463	420611584	753063
1710	2010	AF-0000000211276844	shard_732_batch_4.tar	14135808	154323	1252932096	1713299
1710	2144	AF-0000000211276848	shard_653_batch_0.tar	42353664	121261	856464384	1043112
1710	2598	AF-0000000211276860	shard_772_batch_4.tar	161484288	179289	1623803392	2308434
1710	3155	AF-0000000211276870	shard_726_batch_4.tar	37144576	152069	1154986496	1680761
1710	3319	AF-0000000211276876	shard_858_batch_4.tar	63215104	272079	672922112	5564184
1710	3646	AF-0000000211276884	shard_655_batch_0.tar	37950976	119401	1004632576	1028576
1711	3008	AF-0000000211276896	shard_653_batch_0.tar	70822912	120176	1052357120	979385
1711	3501	AF-0000000211276898	shard_814_batch_3.tar	174420992	212407	2582192640	3442654
1712	3024	AF-0000000211276905	shard_710_batch_4.tar	87759360	143179	813712896	1512013
1715	1809	AF-0000000211277009	shard_688_batch_4.tar	100883968	131969	758982144	1267226
1715	2404	AF-0000000211277011	shard_688_batch_4.tar	105260032	131256	378893312	1218942
1715	2625	AF-0000000211277012	shard_716_batch_4.tar	96965632	142498	470908928	1478161
1715	2641	AF-0000000211277013	shard_742_batch_4.tar	146300928	155839	1063726080	1749067
1715	2736	AF-0000000211277014	shard_696_batch_4.tar	85173760	134511	1371015680	1296624
1715	2777	AF-0000000211277015	shard_690_batch_4.tar	20914176	132287	930796544	1251781
1715	2869	AF-0000000211277016	shard_675_batch_0.tar	3723264	125036	1316164608	1136833
1715	3621	AF-0000000211277018	shard_706_batch_4.tar	32321024	139001	1336561664	1379732
1716	2145	AF-0000000211277021	shard_658_batch_4.tar	53804032	117983	1202118144	1007216
1719	1817	AF-0000000211277027	shard_517_batch_0.tar	35590656	69910	236507648	338466
1719	2987	AF-0000000211277043	shard_576_batch_4.tar	42754560	91700	433648640	561273
1720	2181	AF-0000000211277057	shard_854_batch_3.tar	191440896	269559	1643691520	5090138
1720	2916	AF-0000000211277071	shard_764_batch_4.tar	167828480	173293	1589217280	2150420
1721	2340	AF-0000000211277096	shard_728_batch_4.tar	140100608	149317	1069854720	1652726
1721	3558	AF-0000000211277100	shard_734_batch_4.tar	151902720	150752	1198238208	1721273
1726	1739	AF-0000000211277144	shard_457_batch_2.tar	29589504	32769	83935232	55014
1727	2353	AF-0000000211277237	shard_832_batch_4.tar	161216512	227981	3923941376	3811925
1727	3558	AF-0000000211277260	shard_798_batch_4.tar	6707712	192790	1003738624	2802222
1728	1823	AF-0000000211277265	shard_726_batch_4.tar	79875584	146751	1647642112	1683343
1728	2246	AF-0000000211277282	shard_756_batch_4.tar	54176256	165467	345612288	2083073
1728	3035	AF-0000000211277305	shard_664_batch_4.tar	106305024	122353	877626368	1120724
1729	2044	AF-0000000211277326	shard_834_batch_4.tar	202688512	232991	1102901248	4119091
1730	2435	AF-0000000211277338	shard_822_batch_4.tar	167715840	216470	3687221760	3665356
1732	3202	AF-0000000211277355	shard_686_batch_4.tar	399872	128406	1117295616	1257639
1732	3223	AF-0000000211277356	shard_551_batch_0.tar	1708544	82470	303738880	475774
1733	3369	AF-0000000211277383	shard_860_batch_4.tar	57677824	279440	1734837248	4937131
1734	3140	AF-0000000211277393	shard_760_batch_4.tar	68921344	167690	1296458240	2062597
1734	3551	AF-0000000211277395	shard_768_batch_4.tar	98902528	172437	1454213632	2138799
1736	3095	AF-0000000211277402	shard_587_batch_0.tar	51417600	95868	200804352	617163
1737	2257	AF-0000000211277405	shard_623_batch_0.tar	76236800	108153	611399168	813869
1737	2647	AF-0000000211277406	shard_562_batch_4.tar	62498816	87929	588402688	535287
1739	2600	AF-0000000211277469	shard_463_batch_0.tar	29320192	42941	159459328	105166
1739	3459	AF-0000000211277521	shard_473_batch_0.tar	12059648	49349	111607808	145376
1739	3578	AF-0000000211277530	shard_459_batch_1.tar	12296192	36009	99005440	67859
1739	3633	AF-0000000211277534	shard_459_batch_1.tar	34990592	35595	72273408	64969
1740	1758	AF-0000000211277537	shard_562_batch_4.tar	27129856	86593	257913856	531373
1742	2625	AF-0000000211277584	shard_481_batch_0.tar	3042304	55049	285406720	185338
1743	2755	AF-0000000211277608	shard_591_batch_0.tar	57614336	97768	203509760	663627
1749	2292	AF-0000000211277660	shard_814_batch_3.tar	146904064	214346	3116724224	3366119
1749	2340	AF-0000000211277661	shard_782_batch_4.tar	122323968	183995	1036033024	2472490
1749	3558	AF-0000000211277695	shard_784_batch_4.tar	142055424	185385	1843749888	2510202
1750	3081	AF-0000000211277700	shard_617_batch_0.tar	31662592	107710	887847424	807683
1754	2174	AF-0000000211277721	shard_824_batch_4.tar	206829056	214570	3334925824	3564028
1754	2880	AF-0000000211277733	shard_846_batch_4.tar	51809280	247541	4568997888	4458562
1755	1878	AF-0000000211277755	shard_846_batch_3.tar	200321024	245637	2423550464	4799293
1755	2337	AF-0000000211277773	shard_840_batch_3.tar	46884864	242152	3431659008	4476858
1755	2340	AF-0000000211277774	shard_822_batch_3.tar	212922880	216677	560651776	3620104
1755	2815	AF-0000000211277792	shard_778_batch_4.tar	157913088	181173	1509270528	2512480
1755	3299	AF-0000000211277808	shard_846_batch_3.tar	136637952	247918	4106588672	4601020
1755	3558	AF-0000000211277827	shard_824_batch_4.tar	122659328	218707	3493057024	3730102
1755	3576	AF-0000000211277830	shard_850_batch_3.tar	58316800	253856	2932128256	4961244
1756	2238	AF-0000000211277838	shard_776_batch_4.tar	163289600	176175	2530106368	2151172
1756	2753	AF-0000000211277839	shard_623_batch_0.tar	92981248	107871	456183296	794507
1756	2813	AF-0000000211277840	shard_637_batch_0.tar	19679232	112095	438574592	901704
1760	2321	AF-0000000211277873	shard_756_batch_4.tar	76518912	166418	1187658752	2115838
1761	2042	AF-0000000211277885	shard_758_batch_4.tar	156592128	167218	1853175296	2061054
1764	2540	AF-0000000211277923	shard_696_batch_4.tar	5186048	134383	1210848256	1259741
1766	2242	AF-0000000211277972	shard_824_batch_4.tar	118201856	217441	3268318720	3766680
1769	1770	AF-0000000211277994	shard_636_batch_0.tar	13394944	113703	302342656	889692
1769	1771	AF-0000000211277995	shard_652_batch_0.tar	50963968	118123	829981696	987584
1770	1771	AF-0000000211277996	shard_642_batch_0.tar	16585728	115036	710327296	914730
1772	2203	AF-0000000211278005	shard_854_batch_3.tar	131447296	261148	3871245824	5213856
1773	2371	AF-0000000211278058	shard_816_batch_4.tar	200993792	212945	669429248	3283612
1773	3508	AF-0000000211278079	shard_748_batch_4.tar	84115456	159793	1271964160	1832722
1777	2101	AF-0000000211278108	shard_692_batch_4.tar	88245248	135679	956430848	1334584
1777	2116	AF-0000000211278110	shard_792_batch_4.tar	177810944	190627	1459280384	2754003
1777	2721	AF-0000000211278126	shard_668_batch_4.tar	64273920	127009	810517504	1145567
1777	3279	AF-0000000211278147	shard_720_batch_4.tar	45243392	146270	1035524096	1611969
1777	3570	AF-0000000211278159	shard_641_batch_0.tar	44603392	116664	650929664	963194
1780	1953	AF-0000000211278171	shard_625_batch_0.tar	85523456	108994	1021873152	823364
1780	2173	AF-0000000211278173	shard_754_batch_4.tar	153686528	162755	942806528	1970407
1780	2282	AF-0000000211278174	shard_762_batch_4.tar	166663168	168653	1705014784	2069735
1781	2027	AF-0000000211278181	shard_599_batch_0.tar	8492032	101523	467713024	731606
1781	2383	AF-0000000211278184	shard_599_batch_0.tar	11512320	101247	542480896	719050
1781	3577	AF-0000000211278188	shard_564_batch_4.tar	80760320	89376	655215616	568321
1786	1815	AF-0000000211278201	shard_583_batch_0.tar	69807104	94726	558020608	589255
1786	2256	AF-0000000211278212	shard_702_batch_4.tar	67995648	138114	411805184	1439792
1786	3073	AF-0000000211278227	shard_559_batch_0.tar	17410560	86554	508944896	456401
1791	3260	AF-0000000211278260	shard_491_batch_0.tar	58378240	60425	282999296	227305
1792	1935	AF-0000000211278263	shard_860_batch_4.tar	61014528	275135	4214321664	5059780
1792	3554	AF-0000000211278272	shard_812_batch_4.tar	26086400	208672	2983931904	2883953
1796	2383	AF-0000000211278327	shard_527_batch_0.tar	17086976	77016	514847232	386190
1796	2453	AF-0000000211278335	shard_750_batch_4.tar	21076480	163075	443063296	1965105
1796	2859	AF-0000000211278353	shard_657_batch_0.tar	59826176	118972	374393856	1048995
1796	2992	AF-0000000211278361	shard_497_batch_0.tar	33864704	63768	236874752	255127
1798	1809	AF-0000000211278409	shard_658_batch_4.tar	75276800	120431	805043200	999054
1798	2404	AF-0000000211278410	shard_658_batch_4.tar	42635776	119953	784259584	1004716
1798	2625	AF-0000000211278412	shard_688_batch_4.tar	1200640	131698	913589248	1211315
1798	2641	AF-0000000211278413	shard_718_batch_4.tar	47916544	144331	1524503552	1469215
1798	2736	AF-0000000211278414	shard_668_batch_4.tar	93264384	123066	1134850048	1060764
1798	2777	AF-0000000211278415	shard_660_batch_4.tar	121837056	120613	358283776	1008491
1798	3621	AF-0000000211278421	shard_678_batch_4.tar	125445120	127788	392787968	1146825
1800	2020	AF-0000000211278434	shard_537_batch_0.tar	53947392	81038	378853888	426149
1800	2110	AF-0000000211278440	shard_595_batch_0.tar	80659968	102241	306471936	674147
1800	2154	AF-0000000211278444	shard_543_batch_0.tar	64968192	81451	194457088	456424
1800	2176	AF-0000000211278446	shard_513_batch_0.tar	19871232	70937	389308416	336833
1800	2621	AF-0000000211278460	shard_559_batch_0.tar	46794240	89233	232422400	524969
1800	2839	AF-0000000211278469	shard_754_batch_4.tar	67535360	166297	669446144	1897040
1800	2873	AF-0000000211278473	shard_527_batch_0.tar	52320256	75520	192355840	385321
1800	3266	AF-0000000211278490	shard_571_batch_0.tar	39102464	89844	382535168	578496
1800	3567	AF-0000000211278503	shard_619_batch_0.tar	65123840	109596	404158464	830183
1803	2762	AF-0000000211278537	shard_631_batch_0.tar	58417152	114018	527404544	891128
1804	2082	AF-0000000211278565	shard_806_batch_4.tar	68020736	207694	2355830784	2996314
1804	2916	AF-0000000211278603	shard_724_batch_4.tar	108532224	152967	564575232	1610973
1804	3278	AF-0000000211278617	shard_792_batch_4.tar	109882368	195133	2785032704	2660438
1804	3432	AF-0000000211278625	shard_710_batch_4.tar	113202688	146677	1567367680	1475007
1804	3449	AF-0000000211278626	shard_756_batch_4.tar	158700544	170548	599819264	2043080
1804	3620	AF-0000000211278630	shard_772_batch_4.tar	153705984	178359	1678590976	2335097
1805	2340	AF-0000000211278636	shard_768_batch_4.tar	61991936	171352	866575360	2251415
1805	3558	AF-0000000211278640	shard_772_batch_4.tar	171365888	173241	1389681152	2308055
1806	3697	AF-0000000211278675	shard_603_batch_0.tar	101548032	99632	668624896	693636
1808	1910	AF-0000000211278691	shard_740_batch_4.tar	10886656	154941	386732544	1842571
1809	2258	AF-0000000211278708	shard_553_batch_0.tar	77642752	83459	396475392	493067
1809	2310	AF-0000000211278709	shard_497_batch_0.tar	2139136	61127	298610688	241008
1809	2474	AF-0000000211278712	shard_479_batch_0.tar	38421504	54021	145569280	175081
1809	2826	AF-0000000211278721	shard_529_batch_0.tar	21256704	76111	442926592	384881
1809	2964	AF-0000000211278726	shard_519_batch_0.tar	40009728	72766	152174592	326380
1809	2972	AF-0000000211278727	shard_603_batch_0.tar	83671040	103109	474013696	735076
1809	2994	AF-0000000211278728	shard_832_batch_4.tar	156581888	229091	4120826368	4071069
1809	3061	AF-0000000211278730	shard_651_batch_0.tar	40779264	119425	821369344	1040671
1809	3215	AF-0000000211278734	shard_591_batch_0.tar	63729152	94655	433676800	667096
1809	3350	AF-0000000211278737	shard_463_batch_0.tar	3851264	42272	128512000	102753
1809	3408	AF-0000000211278738	shard_786_batch_4.tar	137456128	186873	997616128	2588058
1809	3454	AF-0000000211278740	shard_583_batch_0.tar	30735360	94921	490249728	594282
1809	3560	AF-0000000211278742	shard_613_batch_0.tar	31196672	106446	740182016	785774
1809	3708	AF-0000000211278748	shard_467_batch_0.tar	17029120	46001	156271104	123113
1812	3383	AF-0000000211278754	shard_549_batch_0.tar	71539200	80596	355047424	445249
1813	2459	AF-0000000211278766	shard_870_batch_3.tar	42926592	311539	4968008704	6888829
1813	2980	AF-0000000211278772	shard_878_batch_2.tar	151311360	415035	3788654080	12707077
1813	3057	AF-0000000211278776	shard_872_batch_3.tar	25728512	325853	3546663424	7764427
1815	1999	AF-0000000211278798	shard_790_batch_4.tar	171047936	189592	1441660928	2715805
1815	2127	AF-0000000211278802	shard_816_batch_4.tar	186236416	211358	2328544256	3334872
1815	3301	AF-0000000211278841	shard_798_batch_4.tar	83153920	196277	1197107200	2783406
1815	3635	AF-0000000211278846	shard_505_batch_0.tar	13595648	68338	203553280	264984
1816	2451	AF-0000000211278894	shard_549_batch_0.tar	15711232	83118	459094528	471962
1816	3116	AF-0000000211278931	shard_611_batch_0.tar	46801920	105454	709381120	788290
1816	3117	AF-0000000211278932	shard_633_batch_0.tar	76208128	113461	980366848	919459
1817	1925	AF-0000000211278973	shard_574_batch_4.tar	90642432	89619	448549888	586580
1817	1999	AF-0000000211278975	shard_790_batch_4.tar	75662848	190134	2666883072	2740838
1817	2127	AF-0000000211278978	shard_816_batch_4.tar	41960960	211307	3425999872	3339444
1820	2178	AF-0000000211279039	shard_593_batch_0.tar	75806720	101283	564874752	688116
1820	2414	AF-0000000211279049	shard_724_batch_4.tar	105833472	152040	1250086912	1551550
1820	2464	AF-0000000211279052	shard_726_batch_4.tar	10863616	152039	766190592	1577964
1820	2895	AF-0000000211279083	shard_714_batch_4.tar	145408	148066	434901504	1469498
1820	3455	AF-0000000211279124	shard_675_batch_0.tar	77587968	130757	1246955520	1126920
1820	3484	AF-0000000211279126	shard_722_batch_4.tar	42163712	149846	1310389248	1618761
1821	2292	AF-0000000211279147	shard_756_batch_4.tar	113653248	167164	1291306496	2088857
1821	2443	AF-0000000211279149	shard_578_batch_4.tar	25639424	93345	596226560	611513
1821	3157	AF-0000000211279156	shard_545_batch_0.tar	66903552	82891	214923264	476212
1823	3124	AF-0000000211279174	shard_760_batch_4.tar	20572160	166218	1319260160	2118735
1823	3322	AF-0000000211279180	shard_631_batch_0.tar	111476736	105921	1057707520	887508
1825	3137	AF-0000000211279191	shard_730_batch_4.tar	108038656	152371	1006534144	1655474
1826	2154	AF-0000000211279209	shard_519_batch_0.tar	15288832	72030	182864896	360164
1826	3266	AF-0000000211279255	shard_545_batch_0.tar	64068096	80400	227349504	476647
1826	3639	AF-0000000211279274	shard_555_batch_0.tar	66398208	87547	230778880	521619
1828	3598	AF-0000000211279305	shard_477_batch_0.tar	49891328	54536	260180480	173086
1831	3071	AF-0000000211279397	shard_804_batch_4.tar	10104832	204073	2070679552	2929947
1831	3429	AF-0000000211279411	shard_766_batch_4.tar	168476672	175096	1654892032	2172343
1838	2387	AF-0000000211279450	shard_872_batch_3.tar	21926400	316149	6680424448	8062204
1838	2659	AF-0000000211279453	shard_778_batch_4.tar	41136128	178181	671588864	2328731
1839	2056	AF-0000000211279478	shard_748_batch_4.tar	155665920	163817	1640643584	1825931
1839	2925	AF-0000000211279502	shard_547_batch_0.tar	55565824	80755	373931008	475085
1839	2962	AF-0000000211279503	shard_722_batch_4.tar	122974208	153293	1431332864	1476388
1839	3501	AF-0000000211279508	shard_816_batch_4.tar	198639104	214986	3096495104	3528062
1842	3060	AF-0000000211279606	shard_698_batch_4.tar	121233920	138317	1568606208	1348095
1842	3289	AF-0000000211279616	shard_571_batch_0.tar	71857152	92791	680912384	558943
1844	1853	AF-0000000211279645	shard_577_batch_0.tar	51749888	92185	571385856	582201
1844	2157	AF-0000000211279647	shard_547_batch_0.tar	24535040	80293	191828992	442730
1844	3207	AF-0000000211279653	shard_557_batch_0.tar	8388608	85174	421303808	512447
1845	2035	AF-0000000211279658	shard_728_batch_4.tar	23238144	148318	310714880	1687402
1845	3143	AF-0000000211279659	shard_750_batch_4.tar	120028160	159622	799324672	1951799
1851	2944	AF-0000000211279714	shard_463_batch_0.tar	27494400	36487	123563008	100185
1851	3345	AF-0000000211279727	shard_519_batch_0.tar	30230528	68978	410908672	344813
1851	3608	AF-0000000211279736	shard_463_batch_0.tar	41554944	36877	127369728	100106
1855	2474	AF-0000000211279772	shard_840_batch_4.tar	176160768	242754	2536041472	4322522
1856	1874	AF-0000000211279778	shard_810_batch_4.tar	188830208	206026	503088128	3132679
1856	2248	AF-0000000211279783	shard_766_batch_4.tar	126534144	171582	1387970048	2134116
1856	3289	AF-0000000211279801	shard_786_batch_4.tar	162499584	185579	2712693248	2416361
1856	3623	AF-0000000211279806	shard_786_batch_4.tar	61679104	183186	2195728896	2436881
1857	2256	AF-0000000211279818	shard_716_batch_4.tar	141814272	145460	1471237120	1559025
1857	2375	AF-0000000211279823	shard_772_batch_4.tar	124370944	176942	1714565632	2132104
1857	3073	AF-0000000211279833	shard_579_batch_0.tar	51659264	93438	376877056	605709
1858	2374	AF-0000000211279857	shard_666_batch_4.tar	117659648	125976	469491712	1068243
1858	2375	AF-0000000211279858	shard_770_batch_4.tar	119495168	178208	357146112	2157740
1858	3073	AF-0000000211279872	shard_576_batch_4.tar	35766784	94279	235361280	576457
1859	1865	AF-0000000211279884	shard_611_batch_0.tar	27097600	102469	569569792	772427
1859	2432	AF-0000000211279905	shard_790_batch_4.tar	96791040	187352	2110254080	2523851
1859	2992	AF-0000000211279914	shard_621_batch_0.tar	73904640	106049	910402560	830619
1859	3089	AF-0000000211279916	shard_744_batch_4.tar	156434432	158881	1061472768	1931123
1860	2154	AF-0000000211279952	shard_567_batch_0.tar	24696832	91374	387144704	558477
1860	2943	AF-0000000211279992	shard_720_batch_4.tar	32262144	150638	1568111104	1613457
1861	2321	AF-0000000211280036	shard_812_batch_4.tar	10485760	207300	2980649984	3281394
1862	3038	AF-0000000211280053	shard_856_batch_3.tar	247244288	263223	3250672640	5623714
1863	2354	AF-0000000211280080	shard_675_batch_0.tar	76553728	132550	565615104	1154228
1863	3337	AF-0000000211280115	shard_774_batch_4.tar	171158528	181227	592257024	2267218
1863	3479	AF-0000000211280124	shard_744_batch_4.tar	128019456	162011	1979193344	1825689
1864	1957	AF-0000000211280135	shard_720_batch_4.tar	12277248	147093	1627279872	1596429
1864	2528	AF-0000000211280151	shard_638_batch_4.tar	61448192	113765	762544640	924308
1864	2836	AF-0000000211280163	shard_772_batch_4.tar	135521792	173130	1879657472	2215373
1864	3129	AF-0000000211280174	shard_752_batch_4.tar	135125504	163048	2168876032	1993158
1864	3538	AF-0000000211280178	shard_816_batch_3.tar	105578496	214449	1904020480	3370101
1864	3696	AF-0000000211280187	shard_746_batch_4.tar	12703744	160353	552856064	1918809
1865	1988	AF-0000000211280199	shard_479_batch_0.tar	40515072	53574	158415872	180848
1865	2254	AF-0000000211280218	shard_491_batch_0.tar	14262784	61094	284621824	244805
1865	2441	AF-0000000211280230	shard_664_batch_4.tar	19211264	122018	1131762176	1022743
1865	2916	AF-0000000211280263	shard_507_batch_0.tar	16653824	66171	228073472	302821
1865	3220	AF-0000000211280289	shard_553_batch_0.tar	75579392	84311	384294400	505130
1865	3426	AF-0000000211280308	shard_459_batch_1.tar	9241600	36032	108148224	70897
1865	3427	AF-0000000211280309	shard_459_batch_1.tar	8603648	36171	119546880	71647
1865	3520	AF-0000000211280316	shard_623_batch_0.tar	39259648	106654	908328448	813946
1866	1867	AF-0000000211280336	shard_866_batch_3.tar	172883968	294594	1824371200	6539014
1868	3228	AF-0000000211280342	shard_545_batch_0.tar	72977920	81457	506920448	453018
1868	3270	AF-0000000211280343	shard_503_batch_0.tar	37962752	66060	367373824	273206
1871	3261	AF-0000000211280361	shard_854_batch_4.tar	15875072	259961	2118985216	4944745
1872	2912	AF-0000000211280364	shard_876_batch_3.tar	240901120	346682	1859829760	9134110
1873	2768	AF-0000000211280368	shard_802_batch_4.tar	77782528	198552	555589120	2930355
1874	2207	AF-0000000211280377	shard_756_batch_0.tar	67195392	166174	733796864	2103472
1874	2289	AF-0000000211280379	shard_842_batch_0.tar	188704256	240618	3400886784	4276534
1874	2371	AF-0000000211280384	shard_786_batch_0.tar	33019904	187973	2031984640	2616837
1875	3042	AF-0000000211280447	shard_681_batch_0.tar	70152704	128053	277967872	1226643
1875	3657	AF-0000000211280454	shard_768_batch_4.tar	116822016	172202	1089067520	2226251
1877	3653	AF-0000000211280478	shard_734_batch_4.tar	89218560	154434	706639360	1573820
1878	2340	AF-0000000211280493	shard_836_batch_3.tar	19047424	232450	2904603648	4274713
1878	3200	AF-0000000211280515	shard_744_batch_4.tar	106621952	157956	515018752	1918706
1878	3558	AF-0000000211280530	shard_840_batch_3.tar	48095232	234291	2256168448	4425763
1879	2011	AF-0000000211280535	shard_804_batch_4.tar	13937152	200665	2891950592	3037001
1879	2551	AF-0000000211280538	shard_694_batch_4.tar	88798720	136293	1555323904	1398727
1880	2462	AF-0000000211280551	shard_565_batch_0.tar	73446400	88948	530919936	558461
1880	3464	AF-0000000211280553	shard_706_batch_4.tar	4375040	141691	1126304768	1467410
1883	3578	AF-0000000211280597	shard_633_batch_0.tar	21046784	112760	864196096	886751
1884	3454	AF-0000000211280604	shard_778_batch_4.tar	84722688	180949	676291072	2479251
1888	2925	AF-0000000211280632	shard_854_batch_3.tar	190664192	255984	3800929792	4811096
1889	1891	AF-0000000211280635	shard_513_batch_0.tar	6706688	72114	429012480	332943
1889	2588	AF-0000000211280676	shard_852_batch_4.tar	12249088	261900	685413888	5096609
1889	3035	AF-0000000211280704	shard_489_batch_0.tar	15774208	60138	290807296	215240
1889	3155	AF-0000000211280714	shard_635_batch_0.tar	84288512	114641	344964608	903325
1889	3604	AF-0000000211280742	shard_515_batch_0.tar	5766144	73585	262779392	332299
1889	3704	AF-0000000211280753	shard_792_batch_4.tar	86105088	189692	2860390400	2594609
1891	2588	AF-0000000211280796	shard_852_batch_3.tar	170214912	261976	1274175488	5111728
1891	2992	AF-0000000211280819	shard_493_batch_0.tar	12854272	62469	127631360	238496
1891	3001	AF-0000000211280820	shard_1103_batch_0.tar	29916672	69844	129734656	313276
1891	3035	AF-0000000211280824	shard_489_batch_0.tar	54924288	60090	333870592	214857
1891	3604	AF-0000000211280862	shard_513_batch_0.tar	29218304	73510	164138496	331554
1891	3704	AF-0000000211280873	shard_792_batch_4.tar	141435392	189660	2925253120	2585052
1892	2318	AF-0000000211280875	shard_565_batch_0.tar	59024384	87544	221071360	555234
1892	2825	AF-0000000211280876	shard_561_batch_0.tar	87647744	86577	220170240	523135
1892	3052	AF-0000000211280877	shard_573_batch_0.tar	86146560	90716	493449728	583737
1892	3214	AF-0000000211280878	shard_557_batch_0.tar	12749824	85508	235912704	503913
1893	3377	AF-0000000211280885	shard_748_batch_4.tar	114529792	161523	1707941376	1746215
1894	2467	AF-0000000211280886	shard_463_batch_0.tar	16839168	40130	140859904	81261
1898	2520	AF-0000000211280925	shard_579_batch_0.tar	85860864	94742	242741760	604914
1898	2726	AF-0000000211280935	shard_822_batch_4.tar	75820544	221309	973154816	3724536
1900	2783	AF-0000000211280995	shard_479_batch_0.tar	4909568	53274	192733184	169998
1901	2883	AF-0000000211281019	shard_608_batch_0.tar	49367040	103159	757428224	734455
1901	3687	AF-0000000211281048	shard_786_batch_0.tar	161584128	187210	2723698688	2600708
1902	2414	AF-0000000211281061	shard_646_batch_4.tar	91787264	119020	415972864	1010601
1905	3221	AF-0000000211281117	shard_746_batch_4.tar	77931520	158929	2054491136	1942384
1906	1991	AF-0000000211281123	shard_507_batch_0.tar	46124544	68232	205812736	287452
1907	2178	AF-0000000211281142	shard_562_batch_4.tar	73135104	89980	171907584	533591
1912	2172	AF-0000000211281223	shard_836_batch_3.tar	80146944	234009	1124556288	4097815
1912	2358	AF-0000000211281230	shard_655_batch_0.tar	59793920	119135	927309312	1038594
1912	2575	AF-0000000211281245	shard_830_batch_4.tar	119294464	229510	1286032384	3879695
1915	2288	AF-0000000211281316	shard_746_batch_4.tar	132513280	162732	1598918144	1914584
1920	3260	AF-0000000211281377	shard_511_batch_0.tar	8334848	69609	372974080	309305
1922	1948	AF-0000000211281439	shard_866_batch_4.tar	31770112	278604	1022199296	6061226
1922	1982	AF-0000000211281440	shard_858_batch_4.tar	103544832	265868	2144904192	5122479
1923	2297	AF-0000000211281478	shard_800_batch_4.tar	135659520	202514	3034778624	2651876
1923	2869	AF-0000000211281491	shard_706_batch_4.tar	67309568	140067	649825792	1376640
1923	3315	AF-0000000211281494	shard_810_batch_3.tar	41220608	203707	2085648896	3058707
1925	2493	AF-0000000211281502	shard_746_batch_4.tar	87065088	155559	616631296	1816854
1925	2612	AF-0000000211281504	shard_567_batch_0.tar	59159552	87815	207439872	577597
1926	2005	AF-0000000211281509	shard_627_batch_0.tar	61434880	109623	337698304	818527
1926	3528	AF-0000000211281514	shard_662_batch_4.tar	50721792	120832	806874624	1016564
1927	1931	AF-0000000211281516	shard_461_batch_1.tar	22666240	40782	110722048	89712
1927	2102	AF-0000000211281525	shard_459_batch_1.tar	518656	35359	87810560	70765
1927	3320	AF-0000000211281582	shard_1101_batch_0.tar	43091968	49677	167725056	152163
1927	3427	AF-0000000211281588	shard_457_batch_2.tar	26373120	29959	103663104	45882
1930	2432	AF-0000000211281628	shard_804_batch_4.tar	85780992	198694	782435328	2883566
1931	2246	AF-0000000211281659	shard_567_batch_0.tar	18711552	90837	592883200	572131
1931	2254	AF-0000000211281660	shard_493_batch_0.tar	33208832	62509	226718208	247344
1931	2255	AF-0000000211281661	shard_495_batch_0.tar	45364224	64406	304901120	263607
1931	2411	AF-0000000211281669	shard_507_batch_0.tar	65698816	67380	199517184	310312
1931	2908	AF-0000000211281691	shard_493_batch_0.tar	30265856	61892	273222656	234877
1931	2909	AF-0000000211281692	shard_477_batch_0.tar	12809216	52955	165238784	171215
1931	3220	AF-0000000211281707	shard_554_batch_4.tar	75595776	86206	508027392	511130
1931	3432	AF-0000000211281726	shard_491_batch_0.tar	1908224	61697	310236160	235783
1931	3449	AF-0000000211281728	shard_551_batch_0.tar	75730432	85628	396541952	477284
1931	3604	AF-0000000211281733	shard_487_batch_0.tar	27355136	61256	311196160	225878
1935	2150	AF-0000000211281774	shard_862_batch_4.tar	66280960	280752	5286277632	5968992
1936	2311	AF-0000000211281907	shard_760_batch_4.tar	131006976	172195	1362943488	2039421
1936	3350	AF-0000000211281935	shard_495_batch_0.tar	39422976	62171	132912128	258037
1937	2894	AF-0000000211281968	shard_702_batch_4.tar	5874176	139530	982641664	1365581
1939	2890	AF-0000000211282018	shard_613_batch_0.tar	5819904	103417	613641728	763665
1941	3037	AF-0000000211282043	shard_527_batch_0.tar	60932096	74815	309229056	331941
1942	2036	AF-0000000211282054	shard_808_batch_4.tar	2253312	204821	1928532992	2805656
1942	3467	AF-0000000211282151	shard_874_batch_3.tar	53428224	331325	8166588416	6823873
1943	2376	AF-0000000211575849	shard_776_batch_4.tar	77255168	175094	1722567168	2323142
1943	3461	AF-0000000211575854	shard_728_batch_4.tar	119186944	148817	686328832	1665409
1944	2102	AF-0000000211575857	shard_553_batch_0.tar	17766912	83225	195781632	467890
1944	2411	AF-0000000211575867	shard_625_batch_0.tar	54466560	107602	718217728	843089
1944	2632	AF-0000000211575868	shard_575_batch_0.tar	25062400	92194	307628032	585272
1944	3292	AF-0000000211575885	shard_581_batch_0.tar	50247680	93688	449528320	609889
1944	3577	AF-0000000211575891	shard_575_batch_0.tar	43270656	91770	463570944	571405
1944	3604	AF-0000000211575892	shard_599_batch_0.tar	61864960	101909	447649792	699294
1944	3691	AF-0000000211575894	shard_591_batch_0.tar	67449344	98147	411023360	666610
1945	2243	AF-0000000211575903	shard_517_batch_0.tar	15693824	72418	473186304	355181
1945	2244	AF-0000000211575904	shard_511_batch_0.tar	23954432	70403	332867584	330655
1945	2372	AF-0000000211575913	shard_593_batch_0.tar	44899328	97722	631244800	658144
1946	2843	AF-0000000211575980	shard_459_batch_1.tar	34045440	35408	134166016	54494
1949	2001	AF-0000000211576022	shard_732_batch_4.tar	29676544	150717	1325257728	1608134
1949	2620	AF-0000000211576044	shard_732_batch_4.tar	109763584	151276	1440828928	1643299
1949	2904	AF-0000000211576050	shard_794_batch_4.tar	113436672	183319	2296721920	2588010
1951	2246	AF-0000000211576085	shard_574_batch_4.tar	69041664	91893	484063744	590686
1951	2773	AF-0000000211576139	shard_481_batch_0.tar	9401856	53199	272196608	190658
1951	2863	AF-0000000211576144	shard_578_batch_4.tar	60469760	93574	508570112	620574
1951	2916	AF-0000000211576153	shard_513_batch_0.tar	45983744	69115	448403456	329228
1951	3438	AF-0000000211576212	shard_485_batch_0.tar	27855872	56273	224670720	206231
1951	3674	AF-0000000211576232	shard_540_batch_4.tar	30456320	79785	449945600	434163
1953	2208	AF-0000000211576249	shard_587_batch_0.tar	88924160	95710	453178880	661889
1953	2359	AF-0000000211576250	shard_694_batch_4.tar	106453504	131244	720417280	1303689
1955	2851	AF-0000000211576262	shard_686_batch_4.tar	103143424	130697	1257827328	1215331
1958	2340	AF-0000000211576287	shard_718_batch_4.tar	101103616	144683	1740053504	1546413
1958	2540	AF-0000000211576291	shard_658_batch_4.tar	76009984	119289	800819200	1006781
1960	2806	AF-0000000211576909	shard_874_batch_3.tar	205201920	343149	6975816192	8419510
1960	3313	AF-0000000211576911	shard_874_batch_3.tar	266211840	339146	7563751936	8217103
1962	1971	AF-0000000211576913	shard_593_batch_0.tar	64382464	94590	203944448	672243
1969	2340	AF-0000000211576975	shard_782_batch_4.tar	183171584	180309	1631413760	2391618
1969	3558	AF-0000000211576979	shard_786_batch_4.tar	183070208	182569	2435427840	2454914
1973	2531	AF-0000000211576993	shard_605_batch_0.tar	74511360	102473	769256448	747132
1975	2048	AF-0000000211577017	shard_830_batch_3.tar	20395008	215952	1409270784	3581600
1977	3197	AF-0000000211577047	shard_870_batch_3.tar	136945152	308599	3217458176	7342238
1977	3423	AF-0000000211577052	shard_834_batch_3.tar	226666496	231431	3329743360	4048263
1987	3148	AF-0000000211577160	shard_593_batch_0.tar	22860800	96056	415345152	656633
1987	3527	AF-0000000211577161	shard_587_batch_0.tar	43633664	95178	435840512	630665
1988	2773	AF-0000000211577213	shard_489_batch_0.tar	10636288	58914	208309760	228291
1988	2780	AF-0000000211577214	shard_509_batch_0.tar	47013376	69373	219182592	310748
1988	2958	AF-0000000211577225	shard_710_batch_4.tar	19584512	146030	1248949760	1499803
1991	2016	AF-0000000211577302	shard_752_batch_4.tar	156355584	163524	1011258368	1991296
1991	2318	AF-0000000211577304	shard_563_batch_0.tar	86340096	88517	421964800	533837
1991	2825	AF-0000000211577311	shard_561_batch_0.tar	4781056	87431	658743808	504115
1993	2974	AF-0000000211577384	shard_860_batch_3.tar	97158144	274911	5181072896	5624845
1998	2576	AF-0000000211577437	shard_652_batch_4.tar	104145408	117107	594176000	1037459
1998	3322	AF-0000000211577447	shard_668_batch_4.tar	56648704	121219	887235584	1138302
1999	2145	AF-0000000211577455	shard_790_batch_4.tar	112040960	189877	2081341952	2718301
1999	2152	AF-0000000211577456	shard_842_batch_4.tar	205370368	241267	4119079936	4418898
1999	2188	AF-0000000211577457	shard_876_batch_3.tar	256118272	346315	4683054080	9312392
1999	2308	AF-0000000211577458	shard_790_batch_4.tar	140804096	189866	1832448512	2726458
1999	2493	AF-0000000211577459	shard_852_batch_4.tar	121316352	255663	4694344192	4846385
1999	2612	AF-0000000211577461	shard_788_batch_4.tar	130707456	188425	500085760	2667932
1999	3625	AF-0000000211577465	shard_866_batch_4.tar	8278016	292054	1715009024	6738291
